a. Wavelength (nm)
b. Surface reflectance values for sand surface
c. Surface reflectance values for soil surface
d. Surface reflectance values for snow surface
e. Surface reflectance values for vegetation surface
f. Surface reflectance values for water surface

     a       b       c       d       e       f
 280.0   0.091   0.030   0.949   0.059   0.025
 281.0   0.091   0.030   0.949   0.059   0.025
 282.0   0.091   0.030   0.949   0.059   0.025
 283.0   0.091   0.030   0.949   0.059   0.025
 284.0   0.091   0.030   0.949   0.059   0.025
 285.0   0.091   0.030   0.949   0.059   0.025
 286.0   0.091   0.030   0.949   0.059   0.025
 287.0   0.091   0.030   0.949   0.059   0.025
 288.0   0.091   0.030   0.949   0.059   0.025
 289.0   0.091   0.030   0.949   0.059   0.025
 290.0   0.091   0.030   0.949   0.059   0.025
 291.0   0.091   0.030   0.949   0.059   0.025
 292.0   0.091   0.030   0.949   0.059   0.025
 293.0   0.091   0.030   0.949   0.059   0.025
 294.0   0.091   0.030   0.949   0.059   0.025
 295.0   0.091   0.030   0.949   0.059   0.025
 296.0   0.091   0.030   0.949   0.059   0.025
 297.0   0.091   0.030   0.949   0.059   0.025
 298.0   0.091   0.030   0.949   0.059   0.025
 299.0   0.091   0.030   0.949   0.059   0.025
 300.0   0.091   0.030   0.949   0.059   0.025
 301.0   0.091   0.030   0.949   0.059   0.025
 302.0   0.092   0.030   0.949   0.059   0.025
 303.0   0.093   0.031   0.949   0.059   0.026
 304.0   0.093   0.031   0.949   0.059   0.026
 305.0   0.094   0.031   0.949   0.059   0.026
 306.0   0.095   0.031   0.949   0.059   0.026
 307.0   0.095   0.031   0.949   0.059   0.026
 308.0   0.096   0.032   0.950   0.059   0.026
 309.0   0.096   0.032   0.950   0.059   0.026
 310.0   0.097   0.032   0.950   0.059   0.026
 311.0   0.098   0.032   0.950   0.059   0.026
 312.0   0.098   0.032   0.950   0.059   0.027
 313.0   0.099   0.033   0.950   0.059   0.027
 314.0   0.099   0.033   0.950   0.059   0.028
 315.0   0.100   0.033   0.950   0.059   0.028
 316.0   0.101   0.033   0.950   0.059   0.028
 317.0   0.101   0.033   0.950   0.059   0.029
 318.0   0.102   0.034   0.951   0.059   0.029
 319.0   0.102   0.034   0.951   0.059   0.029
 320.0   0.103   0.034   0.951   0.059   0.029
 321.0   0.104   0.034   0.951   0.059   0.029
 322.0   0.104   0.034   0.951   0.059   0.029
 323.0   0.105   0.035   0.951   0.059   0.030
 324.0   0.106   0.035   0.951   0.059   0.030
 325.0   0.106   0.035   0.951   0.059   0.030
 326.0   0.106   0.035   0.951   0.059   0.030
 327.0   0.106   0.035   0.951   0.059   0.030
 328.0   0.106   0.035   0.952   0.059   0.031
 329.0   0.106   0.035   0.952   0.059   0.031
 330.0   0.106   0.035   0.952   0.059   0.031
 331.0   0.106   0.035   0.952   0.059   0.031
 332.0   0.107   0.035   0.952   0.059   0.031
 333.0   0.108   0.036   0.952   0.059   0.032
 334.0   0.108   0.036   0.952   0.059   0.032
 335.0   0.109   0.036   0.952   0.059   0.032
 336.0   0.110   0.036   0.952   0.059   0.032
 337.0   0.110   0.036   0.952   0.059   0.032
 338.0   0.111   0.037   0.953   0.059   0.032
 339.0   0.111   0.037   0.953   0.059   0.032
 340.0   0.112   0.037   0.953   0.059   0.032
 341.0   0.113   0.037   0.953   0.059   0.032
 342.0   0.113   0.037   0.953   0.059   0.032
 343.0   0.114   0.038   0.953   0.059   0.033
 344.0   0.114   0.038   0.953   0.059   0.033
 345.0   0.115   0.038   0.953   0.059   0.033
 346.0   0.116   0.038   0.953   0.059   0.033
 347.0   0.116   0.038   0.953   0.059   0.033
 348.0   0.117   0.039   0.954   0.059   0.033
 349.0   0.117   0.039   0.954   0.059   0.033
 350.0   0.118   0.039   0.954   0.059   0.033
 351.0   0.118   0.039   0.954   0.059   0.033
 352.0   0.119   0.039   0.954   0.059   0.033
 353.0   0.119   0.039   0.954   0.059   0.033
 354.0   0.120   0.040   0.954   0.059   0.033
 355.0   0.121   0.040   0.954   0.059   0.033
 356.0   0.122   0.040   0.954   0.059   0.033
 357.0   0.123   0.041   0.954   0.059   0.033
 358.0   0.125   0.041   0.954   0.059   0.034
 359.0   0.126   0.042   0.954   0.059   0.034
 360.0   0.127   0.042   0.954   0.059   0.034
 361.0   0.128   0.042   0.954   0.059   0.034
 362.0   0.128   0.042   0.954   0.059   0.034
 363.0   0.129   0.043   0.955   0.059   0.035
 364.0   0.129   0.043   0.955   0.059   0.035
 365.0   0.130   0.043   0.955   0.059   0.035
 366.0   0.131   0.043   0.955   0.059   0.035
 367.0   0.132   0.044   0.955   0.059   0.035
 368.0   0.134   0.044   0.955   0.059   0.036
 369.0   0.135   0.045   0.955   0.059   0.036
 370.0   0.136   0.045   0.955   0.059   0.036
 371.0   0.137   0.045   0.955   0.059   0.036
 372.0   0.138   0.046   0.955   0.059   0.036
 373.0   0.138   0.046   0.955   0.059   0.036
 374.0   0.139   0.046   0.955   0.059   0.036
 375.0   0.139   0.046   0.955   0.059   0.036
 376.0   0.139   0.046   0.955   0.059   0.036
 377.0   0.140   0.046   0.955   0.059   0.036
 378.0   0.140   0.046   0.956   0.059   0.036
 379.0   0.141   0.047   0.956   0.059   0.036
 380.0   0.142   0.047   0.956   0.059   0.036
 381.0   0.143   0.047   0.956   0.059   0.036
 382.0   0.144   0.048   0.956   0.059   0.036
 383.0   0.146   0.048   0.956   0.059   0.037
 384.0   0.147   0.049   0.956   0.059   0.037
 385.0   0.148   0.049   0.956   0.059   0.037
 386.0   0.149   0.049   0.956   0.059   0.037
 387.0   0.149   0.049   0.956   0.059   0.037
 388.0   0.150   0.050   0.956   0.059   0.037
 389.0   0.150   0.050   0.956   0.059   0.037
 390.0   0.151   0.050   0.956   0.059   0.037
 391.0   0.152   0.050   0.956   0.059   0.037
 392.0   0.153   0.051   0.956   0.059   0.037
 393.0   0.155   0.051   0.957   0.059   0.037
 394.0   0.156   0.052   0.957   0.059   0.038
 395.0   0.157   0.052   0.957   0.059   0.038
 396.0   0.158   0.052   0.957   0.059   0.038
 397.0   0.159   0.052   0.957   0.059   0.039
 398.0   0.159   0.053   0.957   0.059   0.039
 399.0   0.160   0.053   0.957   0.059   0.040
 400.0   0.160   0.053   0.957   0.059   0.040
 401.0   0.160   0.053   0.957   0.059   0.040
 402.0   0.161   0.054   0.957   0.059   0.041
 403.0   0.161   0.054   0.956   0.059   0.041
 404.0   0.162   0.055   0.956   0.059   0.042
 405.0   0.162   0.055   0.956   0.059   0.042
 406.0   0.162   0.055   0.956   0.059   0.042
 407.0   0.163   0.055   0.956   0.059   0.043
 408.0   0.163   0.056   0.956   0.059   0.043
 409.0   0.164   0.056   0.956   0.059   0.044
 410.0   0.164   0.056   0.956   0.059   0.044
 411.0   0.164   0.056   0.956   0.059   0.044
 412.0   0.165   0.057   0.956   0.059   0.045
 413.0   0.165   0.057   0.955   0.059   0.045
 414.0   0.166   0.058   0.955   0.059   0.046
 415.0   0.166   0.058   0.955   0.059   0.046
 416.0   0.166   0.058   0.955   0.059   0.046
 417.0   0.167   0.058   0.955   0.059   0.047
 418.0   0.167   0.059   0.955   0.059   0.047
 419.0   0.168   0.059   0.955   0.059   0.048
 420.0   0.168   0.059   0.955   0.059   0.048
 421.0   0.168   0.059   0.955   0.059   0.048
 422.0   0.169   0.060   0.955   0.059   0.048
 423.0   0.169   0.060   0.955   0.059   0.048
 424.0   0.170   0.061   0.954   0.059   0.048
 425.0   0.170   0.061   0.954   0.059   0.048
 426.0   0.170   0.061   0.954   0.059   0.048
 427.0   0.171   0.061   0.953   0.059   0.048
 428.0   0.171   0.062   0.953   0.059   0.048
 429.0   0.172   0.062   0.953   0.059   0.049
 430.0   0.172   0.062   0.953   0.059   0.049
 431.0   0.172   0.062   0.953   0.059   0.049
 432.0   0.173   0.063   0.953   0.059   0.049
 433.0   0.173   0.063   0.953   0.059   0.050
 434.0   0.174   0.064   0.953   0.059   0.050
 435.0   0.174   0.064   0.953   0.059   0.050
 436.0   0.174   0.064   0.953   0.059   0.050
 437.0   0.175   0.064   0.953   0.059   0.050
 438.0   0.175   0.065   0.952   0.059   0.051
 439.0   0.176   0.065   0.952   0.059   0.051
 440.0   0.176   0.065   0.952   0.059   0.051
 441.0   0.176   0.065   0.952   0.059   0.051
 442.0   0.177   0.066   0.952   0.059   0.051
 443.0   0.177   0.066   0.952   0.059   0.052
 444.0   0.178   0.067   0.952   0.059   0.052
 445.0   0.178   0.067   0.952   0.059   0.052
 446.0   0.178   0.067   0.952   0.059   0.052
 447.0   0.179   0.067   0.952   0.059   0.052
 448.0   0.179   0.068   0.951   0.059   0.052
 449.0   0.180   0.068   0.951   0.059   0.052
 450.0   0.180   0.068   0.951   0.059   0.052
 451.0   0.180   0.068   0.951   0.059   0.052
 452.0   0.181   0.069   0.951   0.059   0.052
 453.0   0.181   0.069   0.951   0.059   0.053
 454.0   0.182   0.070   0.951   0.059   0.053
 455.0   0.182   0.070   0.951   0.059   0.053
 456.0   0.182   0.070   0.951   0.059   0.053
 457.0   0.183   0.071   0.951   0.059   0.053
 458.0   0.183   0.071   0.950   0.059   0.053
 459.0   0.184   0.072   0.950   0.059   0.053
 460.0   0.184   0.072   0.950   0.059   0.053
 461.0   0.184   0.072   0.950   0.059   0.053
 462.0   0.185   0.073   0.950   0.059   0.053
 463.0   0.185   0.073   0.950   0.059   0.053
 464.0   0.186   0.074   0.950   0.059   0.053
 465.0   0.186   0.074   0.950   0.059   0.053
 466.0   0.186   0.074   0.950   0.059   0.053
 467.0   0.187   0.075   0.950   0.059   0.053
 468.0   0.187   0.075   0.949   0.059   0.053
 469.0   0.188   0.076   0.949   0.059   0.053
 470.0   0.188   0.076   0.949   0.059   0.053
 471.0   0.188   0.076   0.949   0.059   0.053
 472.0   0.189   0.077   0.949   0.059   0.053
 473.0   0.189   0.077   0.949   0.059   0.053
 474.0   0.190   0.078   0.949   0.059   0.053
 475.0   0.190   0.078   0.949   0.059   0.053
 476.0   0.190   0.078   0.949   0.059   0.053
 477.0   0.191   0.079   0.949   0.059   0.053
 478.0   0.191   0.079   0.948   0.059   0.053
 479.0   0.192   0.080   0.948   0.059   0.053
 480.0   0.192   0.080   0.948   0.059   0.053
 481.0   0.192   0.080   0.948   0.059   0.053
 482.0   0.193   0.081   0.948   0.059   0.053
 483.0   0.193   0.081   0.948   0.059   0.053
 484.0   0.194   0.082   0.948   0.059   0.053
 485.0   0.194   0.082   0.948   0.059   0.053
 486.0   0.194   0.082   0.948   0.059   0.053
 487.0   0.195   0.083   0.948   0.059   0.053
 488.0   0.195   0.083   0.947   0.059   0.052
 489.0   0.196   0.084   0.947   0.059   0.052
 490.0   0.196   0.084   0.947   0.059   0.052
 491.0   0.196   0.084   0.947   0.059   0.052
 492.0   0.197   0.085   0.947   0.059   0.052
 493.0   0.197   0.085   0.947   0.059   0.052
 494.0   0.198   0.086   0.947   0.059   0.052
 495.0   0.198   0.086   0.947   0.059   0.052
 496.0   0.198   0.086   0.947   0.059   0.052
 497.0   0.199   0.087   0.947   0.059   0.052
 498.0   0.199   0.087   0.946   0.059   0.052
 499.0   0.200   0.088   0.946   0.059   0.052
 500.0   0.200   0.088   0.946   0.059   0.052
 501.0   0.200   0.088   0.946   0.060   0.052
 502.0   0.201   0.089   0.946   0.060   0.052
 503.0   0.201   0.089   0.946   0.061   0.051
 504.0   0.202   0.090   0.946   0.062   0.051
 505.0   0.202   0.090   0.946   0.063   0.051
 506.0   0.202   0.090   0.946   0.064   0.051
 507.0   0.203   0.091   0.946   0.065   0.051
 508.0   0.203   0.091   0.945   0.065   0.051
 509.0   0.204   0.092   0.945   0.066   0.051
 510.0   0.204   0.092   0.945   0.067   0.051
 511.0   0.204   0.092   0.945   0.068   0.051
 512.0   0.205   0.093   0.945   0.069   0.051
 513.0   0.205   0.093   0.945   0.071   0.051
 514.0   0.206   0.094   0.945   0.072   0.051
 515.0   0.206   0.094   0.945   0.073   0.051
 516.0   0.206   0.094   0.945   0.074   0.051
 517.0   0.207   0.095   0.945   0.075   0.051
 518.0   0.207   0.095   0.945   0.076   0.050
 519.0   0.208   0.096   0.945   0.077   0.050
 520.0   0.208   0.096   0.945   0.078   0.050
 521.0   0.208   0.096   0.945   0.079   0.050
 522.0   0.209   0.097   0.945   0.081   0.050
 523.0   0.209   0.097   0.945   0.083   0.050
 524.0   0.210   0.098   0.945   0.084   0.050
 525.0   0.210   0.098   0.945   0.086   0.050
 526.0   0.210   0.098   0.945   0.088   0.050
 527.0   0.211   0.098   0.945   0.089   0.050
 528.0   0.211   0.099   0.944   0.091   0.049
 529.0   0.212   0.099   0.944   0.093   0.049
 530.0   0.212   0.099   0.944   0.095   0.049
 531.0   0.212   0.099   0.944   0.097   0.049
 532.0   0.213   0.100   0.944   0.099   0.049
 533.0   0.213   0.100   0.944   0.102   0.049
 534.0   0.214   0.101   0.944   0.104   0.048
 535.0   0.214   0.101   0.944   0.107   0.048
 536.0   0.214   0.101   0.944   0.110   0.048
 537.0   0.215   0.102   0.944   0.112   0.047
 538.0   0.215   0.102   0.944   0.115   0.047
 539.0   0.216   0.103   0.944   0.117   0.046
 540.0   0.216   0.103   0.944   0.119   0.046
 541.0   0.216   0.103   0.944   0.121   0.046
 542.0   0.217   0.104   0.944   0.122   0.046
 543.0   0.217   0.104   0.943   0.123   0.046
 544.0   0.218   0.105   0.943   0.125   0.046
 545.0   0.218   0.105   0.943   0.126   0.046
 546.0   0.218   0.105   0.943   0.128   0.046
 547.0   0.219   0.106   0.943   0.129   0.046
 548.0   0.219   0.106   0.943   0.131   0.045
 549.0   0.220   0.107   0.943   0.132   0.045
 550.0   0.220   0.107   0.943   0.133   0.045
 551.0   0.220   0.107   0.943   0.133   0.045
 552.0   0.221   0.108   0.943   0.134   0.045
 553.0   0.221   0.108   0.943   0.133   0.045
 554.0   0.222   0.109   0.943   0.133   0.045
 555.0   0.222   0.109   0.943   0.133   0.045
 556.0   0.222   0.110   0.943   0.133   0.045
 557.0   0.223   0.110   0.943   0.133   0.045
 558.0   0.223   0.111   0.942   0.133   0.044
 559.0   0.224   0.111   0.942   0.133   0.044
 560.0   0.224   0.112   0.942   0.133   0.044
 561.0   0.224   0.112   0.942   0.133   0.044
 562.0   0.225   0.113   0.942   0.132   0.044
 563.0   0.225   0.113   0.942   0.131   0.044
 564.0   0.226   0.114   0.942   0.131   0.044
 565.0   0.226   0.114   0.942   0.130   0.044
 566.0   0.226   0.114   0.942   0.129   0.044
 567.0   0.227   0.115   0.942   0.129   0.044
 568.0   0.227   0.115   0.941   0.128   0.043
 569.0   0.228   0.116   0.941   0.128   0.043
 570.0   0.228   0.116   0.941   0.127   0.043
 571.0   0.228   0.117   0.941   0.126   0.043
 572.0   0.229   0.117   0.941   0.125   0.043
 573.0   0.229   0.118   0.941   0.124   0.042
 574.0   0.230   0.118   0.941   0.122   0.042
 575.0   0.230   0.119   0.941   0.121   0.042
 576.0   0.230   0.119   0.941   0.120   0.042
 577.0   0.231   0.120   0.941   0.118   0.042
 578.0   0.231   0.120   0.941   0.117   0.041
 579.0   0.232   0.121   0.941   0.116   0.041
 580.0   0.232   0.121   0.941   0.115   0.041
 581.0   0.232   0.121   0.941   0.114   0.041
 582.0   0.233   0.122   0.941   0.113   0.041
 583.0   0.233   0.122   0.940   0.113   0.041
 584.0   0.234   0.123   0.940   0.112   0.041
 585.0   0.234   0.123   0.940   0.111   0.041
 586.0   0.234   0.123   0.940   0.110   0.041
 587.0   0.235   0.124   0.940   0.109   0.041
 588.0   0.235   0.124   0.940   0.109   0.040
 589.0   0.236   0.125   0.940   0.108   0.040
 590.0   0.236   0.125   0.940   0.107   0.040
 591.0   0.236   0.126   0.940   0.106   0.040
 592.0   0.237   0.126   0.940   0.106   0.040
 593.0   0.237   0.127   0.939   0.105   0.040
 594.0   0.238   0.127   0.939   0.105   0.040
 595.0   0.238   0.128   0.939   0.104   0.040
 596.0   0.238   0.128   0.939   0.103   0.040
 597.0   0.239   0.129   0.939   0.102   0.040
 598.0   0.239   0.129   0.939   0.102   0.039
 599.0   0.240   0.130   0.939   0.101   0.039
 600.0   0.240   0.130   0.939   0.100   0.039
 601.0   0.240   0.131   0.939   0.099   0.039
 602.0   0.241   0.131   0.939   0.099   0.039
 603.0   0.241   0.132   0.939   0.099   0.038
 604.0   0.242   0.132   0.939   0.098   0.038
 605.0   0.242   0.133   0.939   0.098   0.038
 606.0   0.242   0.134   0.939   0.098   0.038
 607.0   0.243   0.134   0.939   0.097   0.038
 608.0   0.243   0.135   0.939   0.097   0.037
 609.0   0.244   0.135   0.939   0.096   0.037
 610.0   0.244   0.136   0.939   0.096   0.037
 611.0   0.244   0.137   0.939   0.095   0.037
 612.0   0.245   0.137   0.939   0.095   0.037
 613.0   0.245   0.138   0.939   0.094   0.036
 614.0   0.246   0.138   0.939   0.094   0.036
 615.0   0.246   0.138   0.939   0.093   0.036
 616.0   0.246   0.139   0.938   0.092   0.036
 617.0   0.247   0.139   0.938   0.092   0.035
 618.0   0.247   0.140   0.938   0.091   0.035
 619.0   0.248   0.140   0.938   0.090   0.035
 620.0   0.248   0.141   0.938   0.090   0.035
 621.0   0.248   0.142   0.938   0.090   0.035
 622.0   0.249   0.142   0.938   0.089   0.035
 623.0   0.249   0.143   0.938   0.089   0.035
 624.0   0.250   0.143   0.938   0.089   0.035
 625.0   0.250   0.144   0.938   0.089   0.035
 626.0   0.250   0.145   0.938   0.089   0.034
 627.0   0.251   0.145   0.938   0.088   0.034
 628.0   0.251   0.146   0.938   0.088   0.034
 629.0   0.252   0.146   0.938   0.088   0.034
 630.0   0.252   0.147   0.938   0.088   0.034
 631.0   0.252   0.148   0.938   0.088   0.034
 632.0   0.253   0.148   0.938   0.087   0.034
 633.0   0.253   0.149   0.938   0.087   0.033
 634.0   0.254   0.149   0.938   0.087   0.033
 635.0   0.254   0.149   0.937   0.087   0.033
 636.0   0.254   0.150   0.937   0.086   0.033
 637.0   0.255   0.150   0.937   0.086   0.033
 638.0   0.255   0.151   0.937   0.086   0.032
 639.0   0.256   0.151   0.937   0.085   0.032
 640.0   0.256   0.152   0.937   0.085   0.032
 641.0   0.256   0.153   0.937   0.085   0.032
 642.0   0.257   0.153   0.937   0.085   0.032
 643.0   0.257   0.154   0.937   0.085   0.032
 644.0   0.258   0.154   0.937   0.084   0.031
 645.0   0.258   0.155   0.937   0.084   0.031
 646.0   0.258   0.156   0.937   0.084   0.031
 647.0   0.259   0.156   0.937   0.084   0.031
 648.0   0.259   0.157   0.937   0.084   0.031
 649.0   0.260   0.157   0.937   0.084   0.031
 650.0   0.260   0.158   0.937   0.084   0.031
 651.0   0.260   0.158   0.937   0.084   0.031
 652.0   0.261   0.159   0.937   0.084   0.031
 653.0   0.261   0.159   0.937   0.084   0.031
 654.0   0.262   0.160   0.936   0.084   0.031
 655.0   0.262   0.160   0.936   0.084   0.031
 656.0   0.262   0.160   0.936   0.084   0.031
 657.0   0.263   0.161   0.936   0.084   0.031
 658.0   0.263   0.161   0.935   0.084   0.031
 659.0   0.264   0.162   0.935   0.084   0.031
 660.0   0.264   0.162   0.935   0.084   0.031
 661.0   0.264   0.162   0.935   0.084   0.031
 662.0   0.265   0.163   0.935   0.085   0.031
 663.0   0.265   0.163   0.935   0.085   0.031
 664.0   0.266   0.164   0.935   0.086   0.031
 665.0   0.266   0.164   0.934   0.086   0.031
 666.0   0.266   0.165   0.934   0.087   0.031
 667.0   0.267   0.166   0.934   0.088   0.031
 668.0   0.267   0.166   0.934   0.089   0.030
 669.0   0.268   0.167   0.934   0.091   0.030
 670.0   0.268   0.167   0.934   0.092   0.030
 671.0   0.268   0.167   0.934   0.094   0.030
 672.0   0.269   0.168   0.934   0.095   0.029
 673.0   0.269   0.168   0.933   0.097   0.029
 674.0   0.270   0.169   0.933   0.099   0.029
 675.0   0.270   0.169   0.933   0.101   0.028
 676.0   0.270   0.169   0.933   0.103   0.028
 677.0   0.271   0.170   0.933   0.105   0.028
 678.0   0.271   0.170   0.932   0.108   0.027
 679.0   0.272   0.171   0.932   0.110   0.027
 680.0   0.272   0.171   0.932   0.112   0.027
 681.0   0.272   0.171   0.932   0.114   0.027
 682.0   0.273   0.172   0.932   0.116   0.027
 683.0   0.273   0.172   0.932   0.119   0.027
 684.0   0.274   0.173   0.932   0.121   0.027
 685.0   0.274   0.173   0.931   0.123   0.027
 686.0   0.274   0.174   0.931   0.126   0.027
 687.0   0.275   0.174   0.931   0.128   0.027
 688.0   0.275   0.175   0.931   0.131   0.027
 689.0   0.276   0.175   0.931   0.134   0.027
 690.0   0.276   0.176   0.931   0.137   0.027
 691.0   0.276   0.176   0.931   0.140   0.027
 692.0   0.277   0.177   0.931   0.144   0.027
 693.0   0.277   0.177   0.931   0.147   0.027
 694.0   0.278   0.178   0.930   0.151   0.027
 695.0   0.278   0.178   0.930   0.155   0.026
 696.0   0.278   0.179   0.930   0.160   0.026
 697.0   0.279   0.179   0.930   0.164   0.026
 698.0   0.279   0.179   0.930   0.169   0.026
 699.0   0.280   0.180   0.929   0.173   0.025
 700.0   0.280   0.180   0.929   0.178   0.025
 701.0   0.280   0.180   0.929   0.183   0.025
 702.0   0.281   0.181   0.928   0.188   0.024
 703.0   0.281   0.181   0.928   0.193   0.024
 704.0   0.282   0.181   0.928   0.198   0.023
 705.0   0.282   0.181   0.928   0.203   0.023
 706.0   0.282   0.181   0.927   0.208   0.022
 707.0   0.283   0.182   0.927   0.213   0.022
 708.0   0.283   0.182   0.927   0.218   0.021
 709.0   0.284   0.182   0.926   0.222   0.020
 710.0   0.284   0.182   0.926   0.227   0.020
 711.0   0.284   0.182   0.926   0.231   0.020
 712.0   0.285   0.182   0.925   0.235   0.019
 713.0   0.285   0.183   0.925   0.239   0.019
 714.0   0.286   0.183   0.925   0.243   0.018
 715.0   0.286   0.183   0.924   0.247   0.018
 716.0   0.286   0.183   0.924   0.251   0.018
 717.0   0.287   0.183   0.924   0.255   0.018
 718.0   0.287   0.184   0.924   0.258   0.017
 719.0   0.288   0.184   0.923   0.262   0.017
 720.0   0.288   0.184   0.923   0.266   0.017
 721.0   0.288   0.184   0.923   0.270   0.017
 722.0   0.289   0.185   0.922   0.274   0.017
 723.0   0.289   0.185   0.922   0.278   0.017
 724.0   0.289   0.185   0.922   0.282   0.017
 725.0   0.290   0.185   0.922   0.287   0.016
 726.0   0.290   0.186   0.921   0.291   0.016
 727.0   0.291   0.186   0.921   0.295   0.016
 728.0   0.291   0.186   0.921   0.299   0.016
 729.0   0.291   0.187   0.920   0.304   0.016
 730.0   0.292   0.187   0.920   0.308   0.016
 731.0   0.293   0.187   0.920   0.312   0.016
 732.0   0.293   0.188   0.919   0.316   0.016
 733.0   0.294   0.188   0.919   0.320   0.015
 734.0   0.294   0.188   0.919   0.324   0.015
 735.0   0.295   0.188   0.918   0.328   0.015
 736.0   0.295   0.188   0.918   0.332   0.015
 737.0   0.296   0.189   0.918   0.336   0.015
 738.0   0.296   0.189   0.918   0.340   0.014
 739.0   0.296   0.189   0.917   0.343   0.014
 740.0   0.296   0.189   0.917   0.347   0.014
 741.0   0.296   0.189   0.917   0.350   0.014
 742.0   0.295   0.189   0.917   0.354   0.014
 743.0   0.295   0.189   0.916   0.357   0.014
 744.0   0.294   0.190   0.916   0.360   0.014
 745.0   0.293   0.190   0.916   0.363   0.013
 746.0   0.292   0.190   0.915   0.366   0.013
 747.0   0.291   0.190   0.915   0.370   0.013
 748.0   0.291   0.190   0.915   0.373   0.013
 749.0   0.290   0.191   0.914   0.376   0.013
 750.0   0.290   0.191   0.914   0.379   0.013
 751.0   0.290   0.191   0.914   0.382   0.013
 752.0   0.290   0.192   0.913   0.386   0.013
 753.0   0.290   0.192   0.912   0.389   0.013
 754.0   0.291   0.192   0.912   0.392   0.013
 755.0   0.291   0.193   0.911   0.395   0.012
 756.0   0.292   0.193   0.911   0.399   0.012
 757.0   0.292   0.194   0.910   0.402   0.012
 758.0   0.293   0.194   0.909   0.405   0.012
 759.0   0.293   0.195   0.909   0.407   0.012
 760.0   0.294   0.195   0.908   0.410   0.012
 761.0   0.295   0.195   0.907   0.412   0.012
 762.0   0.295   0.196   0.907   0.415   0.012
 763.0   0.295   0.196   0.906   0.417   0.012
 764.0   0.296   0.197   0.906   0.419   0.012
 765.0   0.296   0.197   0.905   0.421   0.012
 766.0   0.297   0.198   0.904   0.422   0.012
 767.0   0.297   0.198   0.904   0.424   0.012
 768.0   0.297   0.198   0.903   0.426   0.012
 769.0   0.298   0.199   0.903   0.427   0.012
 770.0   0.298   0.199   0.902   0.429   0.012
 771.0   0.298   0.199   0.901   0.431   0.012
 772.0   0.299   0.200   0.901   0.432   0.012
 773.0   0.299   0.200   0.900   0.434   0.012
 774.0   0.300   0.200   0.899   0.435   0.012
 775.0   0.300   0.200   0.899   0.437   0.011
 776.0   0.300   0.201   0.898   0.439   0.011
 777.0   0.301   0.201   0.897   0.440   0.011
 778.0   0.301   0.201   0.896   0.442   0.011
 779.0   0.302   0.202   0.896   0.443   0.011
 780.0   0.302   0.202   0.895   0.445   0.011
 781.0   0.302   0.202   0.894   0.447   0.011
 782.0   0.303   0.203   0.894   0.448   0.011
 783.0   0.303   0.203   0.893   0.450   0.011
 784.0   0.304   0.203   0.892   0.451   0.011
 785.0   0.304   0.204   0.892   0.453   0.011
 786.0   0.304   0.204   0.891   0.454   0.011
 787.0   0.305   0.205   0.891   0.456   0.011
 788.0   0.305   0.205   0.890   0.457   0.011
 789.0   0.306   0.206   0.890   0.459   0.011
 790.0   0.306   0.206   0.889   0.460   0.011
 791.0   0.306   0.206   0.888   0.461   0.011
 792.0   0.307   0.207   0.888   0.463   0.011
 793.0   0.307   0.207   0.887   0.464   0.011
 794.0   0.308   0.208   0.887   0.465   0.011
 795.0   0.308   0.208   0.886   0.466   0.011
 796.0   0.308   0.208   0.885   0.467   0.010
 797.0   0.309   0.209   0.885   0.468   0.010
 798.0   0.309   0.209   0.884   0.469   0.010
 799.0   0.310   0.210   0.884   0.470   0.010
 800.0   0.310   0.210   0.883   0.471   0.010
 801.0   0.310   0.210   0.882   0.472   0.010
 802.0   0.311   0.211   0.882   0.473   0.010
 803.0   0.311   0.211   0.881   0.474   0.010
 804.0   0.312   0.212   0.881   0.475   0.010
 805.0   0.312   0.212   0.880   0.476   0.010
 806.0   0.312   0.212   0.879   0.476   0.010
 807.0   0.313   0.213   0.879   0.477   0.010
 808.0   0.313   0.213   0.878   0.478   0.010
 809.0   0.314   0.214   0.878   0.479   0.010
 810.0   0.314   0.214   0.877   0.480   0.009
 811.0   0.314   0.214   0.876   0.480   0.009
 812.0   0.315   0.215   0.876   0.481   0.009
 813.0   0.315   0.215   0.875   0.482   0.009
 814.0   0.316   0.216   0.875   0.483   0.009
 815.0   0.316   0.216   0.874   0.483   0.009
 816.0   0.316   0.216   0.873   0.484   0.009
 817.0   0.317   0.217   0.873   0.485   0.009
 818.0   0.317   0.217   0.872   0.485   0.009
 819.0   0.318   0.218   0.872   0.486   0.009
 820.0   0.318   0.218   0.871   0.487   0.009
 821.0   0.318   0.218   0.870   0.487   0.009
 822.0   0.319   0.219   0.870   0.488   0.009
 823.0   0.319   0.219   0.869   0.489   0.009
 824.0   0.320   0.220   0.869   0.489   0.009
 825.0   0.320   0.220   0.868   0.490   0.009
 826.0   0.320   0.220   0.867   0.490   0.009
 827.0   0.321   0.221   0.867   0.491   0.009
 828.0   0.321   0.221   0.866   0.491   0.009
 829.0   0.322   0.222   0.866   0.492   0.009
 830.0   0.322   0.222   0.865   0.492   0.008
 831.0   0.322   0.222   0.864   0.493   0.008
 832.0   0.323   0.223   0.864   0.493   0.008
 833.0   0.323   0.223   0.863   0.494   0.008
 834.0   0.324   0.224   0.863   0.494   0.008
 835.0   0.324   0.224   0.862   0.495   0.008
 836.0   0.324   0.224   0.861   0.495   0.008
 837.0   0.325   0.225   0.861   0.496   0.008
 838.0   0.325   0.225   0.860   0.496   0.008
 839.0   0.326   0.226   0.860   0.496   0.008
 840.0   0.326   0.226   0.859   0.497   0.008
 841.0   0.326   0.226   0.858   0.497   0.008
 842.0   0.327   0.227   0.858   0.497   0.008
 843.0   0.327   0.227   0.857   0.498   0.008
 844.0   0.328   0.228   0.857   0.498   0.008
 845.0   0.328   0.228   0.856   0.498   0.008
 846.0   0.328   0.228   0.855   0.499   0.008
 847.0   0.329   0.229   0.855   0.499   0.008
 848.0   0.329   0.229   0.854   0.499   0.008
 849.0   0.330   0.230   0.854   0.500   0.008
 850.0   0.330   0.230   0.853   0.500   0.007
 851.0   0.330   0.230   0.852   0.500   0.007
 852.0   0.331   0.231   0.852   0.501   0.007
 853.0   0.331   0.231   0.851   0.501   0.007
 854.0   0.332   0.232   0.851   0.501   0.007
 855.0   0.332   0.232   0.850   0.501   0.007
 856.0   0.332   0.232   0.849   0.502   0.007
 857.0   0.333   0.233   0.849   0.502   0.007
 858.0   0.333   0.233   0.848   0.502   0.007
 859.0   0.334   0.234   0.848   0.502   0.007
 860.0   0.334   0.234   0.847   0.502   0.007
 861.0   0.334   0.234   0.846   0.503   0.007
 862.0   0.335   0.235   0.846   0.503   0.007
 863.0   0.335   0.235   0.845   0.503   0.007
 864.0   0.336   0.236   0.845   0.503   0.007
 865.0   0.336   0.236   0.844   0.503   0.007
 866.0   0.336   0.236   0.843   0.503   0.007
 867.0   0.337   0.237   0.843   0.503   0.007
 868.0   0.337   0.237   0.842   0.504   0.007
 869.0   0.338   0.238   0.842   0.504   0.007
 870.0   0.338   0.238   0.841   0.504   0.006
 871.0   0.338   0.238   0.840   0.504   0.006
 872.0   0.339   0.239   0.840   0.504   0.006
 873.0   0.339   0.239   0.839   0.504   0.006
 874.0   0.340   0.240   0.839   0.504   0.006
 875.0   0.340   0.240   0.838   0.504   0.006
 876.0   0.340   0.240   0.837   0.504   0.006
 877.0   0.341   0.241   0.837   0.505   0.006
 878.0   0.341   0.241   0.836   0.505   0.006
 879.0   0.342   0.242   0.836   0.505   0.006
 880.0   0.342   0.242   0.835   0.505   0.006
 881.0   0.342   0.242   0.834   0.505   0.006
 882.0   0.343   0.243   0.834   0.505   0.006
 883.0   0.343   0.243   0.833   0.505   0.006
 884.0   0.344   0.244   0.833   0.505   0.006
 885.0   0.344   0.244   0.832   0.505   0.006
 886.0   0.344   0.244   0.831   0.505   0.006
 887.0   0.345   0.245   0.831   0.505   0.006
 888.0   0.345   0.245   0.830   0.505   0.006
 889.0   0.346   0.246   0.830   0.505   0.006
 890.0   0.346   0.246   0.829   0.505   0.005
 891.0   0.346   0.246   0.828   0.505   0.005
 892.0   0.347   0.247   0.828   0.505   0.005
 893.0   0.347   0.247   0.827   0.505   0.005
 894.0   0.348   0.248   0.827   0.505   0.005
 895.0   0.348   0.248   0.826   0.505   0.005
 896.0   0.348   0.248   0.825   0.505   0.005
 897.0   0.349   0.249   0.825   0.505   0.005
 898.0   0.349   0.249   0.824   0.505   0.005
 899.0   0.350   0.250   0.824   0.505   0.005
 900.0   0.350   0.250   0.823   0.505   0.005
 901.0   0.350   0.250   0.822   0.505   0.005
 902.0   0.351   0.251   0.822   0.505   0.005
 903.0   0.351   0.251   0.821   0.504   0.005
 904.0   0.352   0.252   0.821   0.504   0.005
 905.0   0.352   0.252   0.820   0.504   0.005
 906.0   0.352   0.252   0.819   0.504   0.005
 907.0   0.353   0.253   0.819   0.504   0.005
 908.0   0.353   0.253   0.818   0.504   0.005
 909.0   0.354   0.254   0.818   0.504   0.005
 910.0   0.354   0.254   0.817   0.504   0.004
 911.0   0.354   0.254   0.816   0.504   0.004
 912.0   0.355   0.255   0.816   0.504   0.004
 913.0   0.355   0.255   0.815   0.504   0.004
 914.0   0.356   0.256   0.815   0.504   0.004
 915.0   0.356   0.256   0.814   0.504   0.004
 916.0   0.356   0.256   0.813   0.504   0.004
 917.0   0.357   0.257   0.813   0.503   0.004
 918.0   0.357   0.257   0.812   0.503   0.004
 919.0   0.358   0.258   0.812   0.503   0.004
 920.0   0.358   0.258   0.811   0.503   0.004
 921.0   0.358   0.258   0.810   0.503   0.004
 922.0   0.359   0.259   0.810   0.503   0.004
 923.0   0.359   0.259   0.809   0.503   0.004
 924.0   0.360   0.260   0.809   0.503   0.004
 925.0   0.360   0.260   0.808   0.503   0.004
 926.0   0.360   0.260   0.807   0.503   0.004
 927.0   0.361   0.261   0.807   0.502   0.004
 928.0   0.361   0.261   0.806   0.502   0.004
 929.0   0.362   0.262   0.806   0.502   0.004
 930.0   0.362   0.262   0.805   0.502   0.003
 931.0   0.362   0.262   0.804   0.502   0.003
 932.0   0.363   0.263   0.804   0.502   0.003
 933.0   0.363   0.263   0.803   0.502   0.003
 934.0   0.364   0.264   0.803   0.502   0.003
 935.0   0.364   0.264   0.802   0.502   0.003
 936.0   0.364   0.264   0.801   0.501   0.003
 937.0   0.365   0.265   0.801   0.501   0.003
 938.0   0.365   0.265   0.800   0.501   0.003
 939.0   0.366   0.266   0.800   0.501   0.003
 940.0   0.366   0.266   0.799   0.501   0.003
 941.0   0.366   0.266   0.798   0.501   0.003
 942.0   0.367   0.267   0.798   0.501   0.003
 943.0   0.367   0.267   0.797   0.501   0.003
 944.0   0.368   0.268   0.797   0.501   0.003
 945.0   0.368   0.268   0.796   0.500   0.003
 946.0   0.368   0.268   0.795   0.500   0.003
 947.0   0.369   0.269   0.795   0.500   0.003
 948.0   0.369   0.269   0.794   0.500   0.003
 949.0   0.370   0.270   0.794   0.500   0.003
 950.0   0.370   0.270   0.793   0.500   0.002
 951.0   0.370   0.270   0.792   0.500   0.002
 952.0   0.371   0.271   0.792   0.500   0.002
 953.0   0.371   0.271   0.791   0.500   0.002
 954.0   0.372   0.272   0.791   0.500   0.002
 955.0   0.372   0.272   0.790   0.500   0.002
 956.0   0.372   0.272   0.789   0.499   0.002
 957.0   0.373   0.273   0.789   0.499   0.002
 958.0   0.373   0.273   0.788   0.499   0.002
 959.0   0.374   0.274   0.788   0.499   0.002
 960.0   0.374   0.274   0.787   0.499   0.002
 961.0   0.374   0.274   0.786   0.499   0.002
 962.0   0.375   0.275   0.786   0.499   0.002
 963.0   0.375   0.275   0.785   0.499   0.002
 964.0   0.376   0.276   0.785   0.499   0.002
 965.0   0.376   0.276   0.784   0.499   0.002
 966.0   0.376   0.276   0.783   0.499   0.002
 967.0   0.377   0.277   0.783   0.499   0.002
 968.0   0.377   0.277   0.782   0.499   0.002
 969.0   0.378   0.278   0.782   0.499   0.002
 970.0   0.378   0.278   0.781   0.499   0.001
 971.0   0.378   0.278   0.780   0.499   0.001
 972.0   0.379   0.279   0.780   0.499   0.001
 973.0   0.379   0.279   0.779   0.499   0.001
 974.0   0.380   0.280   0.779   0.499   0.001
 975.0   0.380   0.280   0.778   0.499   0.001
 976.0   0.380   0.280   0.777   0.499   0.001
 977.0   0.381   0.281   0.777   0.499   0.001
 978.0   0.381   0.281   0.776   0.499   0.001
 979.0   0.382   0.282   0.776   0.499   0.001
 980.0   0.382   0.282   0.775   0.499   0.001
 981.0   0.382   0.282   0.774   0.499   0.001
 982.0   0.383   0.283   0.774   0.499   0.001
 983.0   0.383   0.283   0.773   0.499   0.001
 984.0   0.384   0.284   0.773   0.499   0.001
 985.0   0.384   0.284   0.772   0.499   0.001
 986.0   0.384   0.284   0.771   0.499   0.001
 987.0   0.385   0.285   0.771   0.499   0.001
 988.0   0.385   0.285   0.770   0.499   0.001
 989.0   0.386   0.286   0.770   0.499   0.001
 990.0   0.386   0.286   0.769   0.499   0.000
 991.0   0.386   0.286   0.768   0.499   0.000
 992.0   0.387   0.287   0.768   0.499   0.000
 993.0   0.387   0.287   0.767   0.499   0.000
 994.0   0.388   0.288   0.767   0.499   0.000
 995.0   0.388   0.288   0.766   0.499   0.000
 996.0   0.388   0.288   0.765   0.500   0.000
 997.0   0.389   0.289   0.765   0.500   0.000
 998.0   0.389   0.289   0.764   0.500   0.000
 999.0   0.390   0.290   0.764   0.500   0.000
1000.0   0.390   0.290   0.763   0.500   0.000
