  280.  0.0000E+00
  281.  0.0000E+00
  282.  0.0000E+00
  283.  0.0000E+00
  284.  0.0000E+00
  285.  0.0000E+00
  286.  0.0000E+00
  287.  0.0000E+00
  288.  0.0000E+00
  289.  0.0000E+00
  290.  0.0000E+00
  291.  0.0000E+00
  292.  0.0000E+00
  293.  0.0000E+00
  294.  0.0000E+00
  295.  0.0000E+00
  296.  0.0000E+00
  297.  0.0000E+00
  298.  0.0000E+00
  299.  0.0000E+00
  300.  0.0000E+00
  301.  0.0000E+00
  302.  0.0000E+00
  303.  0.0000E+00
  304.  0.0000E+00
  305.  0.0000E+00
  306.  0.0000E+00
  307.  0.0000E+00
  308.  0.0000E+00
  309.  0.0000E+00
  310.  0.0000E+00
  311.  0.0000E+00
  312.  0.0000E+00
  313.  0.0000E+00
  314.  0.0000E+00
  315.  0.0000E+00
  316.  0.0000E+00
  317.  0.0000E+00
  318.  0.0000E+00
  319.  0.0000E+00
  320.  0.0000E+00
  321.  0.0000E+00
  322.  0.0000E+00
  323.  0.0000E+00
  324.  0.0000E+00
  325.  0.0000E+00
  326.  0.0000E+00
  327.  0.0000E+00
  328.  0.0000E+00
  329.  0.0000E+00
  330.  0.0000E+00
  331.  0.0000E+00
  332.  0.0000E+00
  333.  0.0000E+00
  334.  0.0000E+00
  335.  0.0000E+00
  336.  0.0000E+00
  337.  0.0000E+00
  338.  0.0000E+00
  339.  0.0000E+00
  340.  0.0000E+00
  341.  0.0000E+00
  342.  0.0000E+00
  343.  0.0000E+00
  344.  0.0000E+00
  345.  0.0000E+00
  346.  0.0000E+00
  347.  0.0000E+00
  348.  0.0000E+00
  349.  0.0000E+00
  350.  0.0000E+00
  351.  0.0000E+00
  352.  0.0000E+00
  353.  0.0000E+00
  354.  0.0000E+00
  355.  0.0000E+00
  356.  0.0000E+00
  357.  0.0000E+00
  358.  0.0000E+00
  359.  0.0000E+00
  360.  0.0000E+00
  361.  0.0000E+00
  362.  0.0000E+00
  363.  0.0000E+00
  364.  0.0000E+00
  365.  0.0000E+00
  366.  0.0000E+00
  367.  0.0000E+00
  368.  0.0000E+00
  369.  0.0000E+00
  370.  0.0000E+00
  371.  0.0000E+00
  372.  0.0000E+00
  373.  0.0000E+00
  374.  0.0000E+00
  375.  0.0000E+00
  376.  0.0000E+00
  377.  0.0000E+00
  378.  0.0000E+00
  379.  0.0000E+00
  380.  0.0000E+00
  381.  0.0000E+00
  382.  0.0000E+00
  383.  0.0000E+00
  384.  0.0000E+00
  385.  0.0000E+00
  386.  0.0000E+00
  387.  0.0000E+00
  388.  0.0000E+00
  389.  0.0000E+00
  390.  0.0000E+00
  391.  0.0000E+00
  392.  0.0000E+00
  393.  0.0000E+00
  394.  0.0000E+00
  395.  0.0000E+00
  396.  0.0000E+00
  397.  0.0000E+00
  398.  0.0000E+00
  399.  0.0000E+00
  400.  0.0000E+00
  401.  0.0000E+00
  402.  0.0000E+00
  403.  0.0000E+00
  404.  0.0000E+00
  405.  0.0000E+00
  406.  0.0000E+00
  407.  0.0000E+00
  408.  0.0000E+00
  409.  0.0000E+00
  410.  0.0000E+00
  411.  0.0000E+00
  412.  0.0000E+00
  413.  0.0000E+00
  414.  0.0000E+00
  415.  0.0000E+00
  416.  0.0000E+00
  417.  0.0000E+00
  418.  0.0000E+00
  419.  0.0000E+00
  420.  0.0000E+00
  421.  0.0000E+00
  422.  0.0000E+00
  423.  0.0000E+00
  424.  0.0000E+00
  425.  0.0000E+00
  426.  0.0000E+00
  427.  0.0000E+00
  428.  0.0000E+00
  429.  0.0000E+00
  430.  0.0000E+00
  431.  0.0000E+00
  432.  0.0000E+00
  433.  0.0000E+00
  434.  0.0000E+00
  435.  0.0000E+00
  436.  0.0000E+00
  437.  0.0000E+00
  438.  0.0000E+00
  439.  0.0000E+00
  440.  0.0000E+00
  441.  3.5210E-27
  442.  1.0806E-26
  443.  1.7203E-26
  444.  1.2226E-26
  445.  1.2964E-26
  446.  1.0992E-26
  447.  5.5963E-27
  448.  1.6131E-27
  449.  1.6998E-28
  450.  3.5370E-30
  451.  0.0000E+00
  452.  0.0000E+00
  453.  0.0000E+00
  454.  0.0000E+00
  455.  0.0000E+00
  456.  0.0000E+00
  457.  0.0000E+00
  458.  0.0000E+00
  459.  0.0000E+00
  460.  0.0000E+00
  461.  0.0000E+00
  462.  0.0000E+00
  463.  0.0000E+00
  464.  0.0000E+00
  465.  2.1928E-30
  466.  1.0968E-28
  467.  8.3770E-28
  468.  1.9449E-27
  469.  4.8866E-27
  470.  7.2733E-27
  471.  5.7103E-27
  472.  5.1989E-27
  473.  4.5830E-27
  474.  2.2245E-27
  475.  4.9290E-28
  476.  3.1562E-29
  477.  2.5908E-31
  478.  0.0000E+00
  479.  0.0000E+00
  480.  0.0000E+00
  481.  0.0000E+00
  482.  4.5065E-31
  483.  7.7924E-29
  484.  1.2761E-27
  485.  4.4929E-27
  486.  4.4301E-27
  487.  3.2708E-27
  488.  3.4990E-27
  489.  3.4300E-27
  490.  2.2298E-27
  491.  1.0572E-27
  492.  5.4387E-28
  493.  1.0002E-28
  494.  3.1766E-30
  495.  7.1567E-35
  496.  0.0000E+00
  497.  1.0660E-33
  498.  1.6311E-29
  499.  4.4171E-28
  500.  2.6112E-27
  501.  8.7421E-27
  502.  2.5627E-26
  503.  6.8445E-26
  504.  1.1101E-25
  505.  7.5474E-26
  506.  6.4193E-26
  507.  7.1238E-26
  508.  6.6231E-26
  509.  4.4222E-26
  510.  2.7065E-26
  511.  1.4745E-26
  512.  6.7026E-27
  513.  3.0547E-27
  514.  7.4558E-28
  515.  3.7728E-29
  516.  5.3664E-33
  517.  0.0000E+00
  518.  0.0000E+00
  519.  0.0000E+00
  520.  0.0000E+00
  521.  1.4948E-32
  522.  4.3183E-29
  523.  9.8316E-28
  524.  4.4821E-27
  525.  5.3102E-27
  526.  3.3234E-27
  527.  3.9519E-27
  528.  2.9593E-27
  529.  2.7472E-27
  530.  2.5454E-27
  531.  1.7056E-27
  532.  4.9947E-28
  533.  1.6003E-28
  534.  2.1683E-29
  535.  5.1682E-29
  536.  1.9986E-28
  537.  5.0354E-28
  538.  2.3561E-27
  539.  7.2690E-27
  540.  2.2274E-26
  541.  4.7619E-26
  542.  4.8729E-26
  543.  3.6160E-26
  544.  3.6345E-26
  545.  3.7464E-26
  546.  4.5489E-26
  547.  3.5526E-26
  548.  1.9839E-26
  549.  1.2725E-26
  550.  9.2040E-27
  551.  5.5070E-27
  552.  2.8378E-27
  553.  1.4846E-27
  554.  4.6097E-28
  555.  3.7179E-29
  556.  3.8345E-31
  557.  0.0000E+00
  558.  0.0000E+00
  559.  0.0000E+00
  560.  1.5162E-33
  561.  6.6254E-30
  562.  1.5066E-28
  563.  7.0228E-28
  564.  1.1481E-27
  565.  1.5754E-27
  566.  4.0316E-27
  567.  1.5322E-26
  568.  5.4985E-26
  569.  1.0503E-25
  570.  9.3760E-26
  571.  5.4294E-26
  572.  6.5110E-26
  573.  6.9864E-26
  574.  6.3614E-26
  575.  5.7641E-26
  576.  4.5321E-26
  577.  3.6645E-26
  578.  2.4730E-26
  579.  1.3805E-26
  580.  9.2261E-27
  581.  6.4436E-27
  582.  7.2074E-27
  583.  1.0404E-26
  584.  1.3924E-26
  585.  2.0658E-26
  586.  4.3494E-26
  587.  1.1125E-25
  588.  3.0981E-25
  589.  5.5653E-25
  590.  5.8891E-25
  591.  5.1383E-25
  592.  5.3401E-25
  593.  4.2324E-25
  594.  4.7927E-25
  595.  5.1944E-25
  596.  3.2698E-25
  597.  2.8358E-25
  598.  2.3112E-25
  599.  1.7144E-25
  600.  1.1296E-25
  601.  5.8564E-26
  602.  3.0995E-26
  603.  1.2976E-26
  604.  5.3330E-27
  605.  1.3208E-27
  606.  7.8899E-29
  607.  3.8009E-32
  608.  0.0000E+00
  609.  0.0000E+00
  610.  0.0000E+00
  611.  0.0000E+00
  612.  0.0000E+00
  613.  0.0000E+00
  614.  0.0000E+00
  615.  0.0000E+00
  616.  0.0000E+00
  617.  0.0000E+00
  618.  0.0000E+00
  619.  0.0000E+00
  620.  0.0000E+00
  621.  0.0000E+00
  622.  1.6609E-32
  623.  3.1306E-29
  624.  6.0758E-28
  625.  3.9240E-27
  626.  1.9576E-26
  627.  5.7547E-26
  628.  9.3697E-26
  629.  8.5016E-26
  630.  4.9257E-26
  631.  3.5909E-26
  632.  6.4238E-26
  633.  5.3998E-26
  634.  3.8765E-26
  635.  4.2128E-26
  636.  3.7432E-26
  637.  3.3724E-26
  638.  2.6252E-26
  639.  2.2809E-26
  640.  2.2967E-26
  641.  2.3911E-26
  642.  2.3142E-26
  643.  3.1049E-26
  644.  4.5291E-26
  645.  8.3844E-26
  646.  1.9743E-25
  647.  3.8056E-25
  648.  5.0006E-25
  649.  4.3529E-25
  650.  2.7577E-25
  651.  2.8336E-25
  652.  4.0099E-25
  653.  2.4005E-25
  654.  2.1460E-25
  655.  2.8415E-25
  656.  2.8249E-25
  657.  2.4871E-25
  658.  1.9414E-25
  659.  1.2265E-25
  660.  8.1877E-26
  661.  4.9754E-26
  662.  2.6344E-26
  663.  2.1280E-26
  664.  1.8597E-26
  665.  1.4390E-26
  666.  9.8298E-27
  667.  6.9335E-27
  668.  2.9638E-27
  669.  1.2042E-27
  670.  3.1595E-28
  671.  7.8416E-29
  672.  4.7356E-30
  673.  2.2997E-33
  674.  0.0000E+00
  675.  0.0000E+00
  676.  0.0000E+00
  677.  3.7984E-33
  678.  7.4785E-30
  679.  2.8703E-28
  680.  2.1451E-27
  681.  5.3811E-27
  682.  8.2497E-27
  683.  1.0174E-26
  684.  1.4965E-26
  685.  1.7100E-26
  686.  2.0404E-26
  687.  2.5328E-26
  688.  1.7561E-26
  689.  1.9171E-26
  690.  3.7922E-26
  691.  9.8838E-26
  692.  3.3615E-25
  693.  8.0675E-25
  694.  1.2362E-24
  695.  1.2586E-24
  696.  9.8386E-25
  697.  4.7329E-25
  698.  4.1152E-25
  699.  7.7115E-25
  700.  8.6732E-25
  701.  8.4082E-25
  702.  8.3761E-25
  703.  7.0427E-25
  704.  5.1619E-25
  705.  4.9736E-25
  706.  4.7221E-25
  707.  3.7662E-25
  708.  3.2175E-25
  709.  2.7485E-25
  710.  2.7063E-25
  711.  2.4277E-25
  712.  2.0656E-25
  713.  2.3312E-25
  714.  2.7824E-25
  715.  4.1671E-25
  716.  9.8283E-25
  717.  3.0605E-24
  718.  5.7936E-24
  719.  7.2907E-24
  720.  6.3873E-24
  721.  4.1114E-24
  722.  1.8764E-24
  723.  3.1548E-24
  724.  5.0875E-24
  725.  4.5994E-24
  726.  3.8574E-24
  727.  3.9699E-24
  728.  3.8580E-24
  729.  3.2959E-24
  730.  3.0560E-24
  731.  2.7665E-24
  732.  2.0084E-24
  733.  1.1795E-24
  734.  8.1901E-25
  735.  7.3579E-25
  736.  7.5831E-25
  737.  7.0553E-25
  738.  4.9406E-25
  739.  4.0873E-25
  740.  3.1138E-25
  741.  1.9990E-25
  742.  1.4755E-25
  743.  9.4192E-26
  744.  4.9887E-26
  745.  3.1820E-26
  746.  1.9775E-26
  747.  1.1980E-26
  748.  8.3748E-27
  749.  5.5343E-27
  750.  4.9244E-27
  751.  4.1577E-27
  752.  2.5343E-27
  753.  1.6449E-27
  754.  3.0450E-27
  755.  3.8037E-27
  756.  1.2539E-27
  757.  7.9237E-29
  758.  4.1960E-31
  759.  8.2351E-34
  760.  0.0000E+00
  761.  0.0000E+00
  762.  0.0000E+00
  763.  0.0000E+00
  764.  0.0000E+00
  765.  0.0000E+00
  766.  0.0000E+00
  767.  0.0000E+00
  768.  0.0000E+00
  769.  1.8510E-35
  770.  3.5306E-33
  771.  2.6413E-30
  772.  4.7556E-29
  773.  1.6567E-28
  774.  3.4544E-28
  775.  4.0469E-28
  776.  3.3982E-28
  777.  7.2951E-28
  778.  1.4293E-27
  779.  1.9849E-27
  780.  2.5427E-27
  781.  1.7653E-27
  782.  1.6968E-27
  783.  2.6898E-27
  784.  7.6755E-27
  785.  2.6187E-26
  786.  7.2483E-26
  787.  1.6929E-25
  788.  2.5560E-25
  789.  4.1062E-25
  790.  5.2803E-25
  791.  4.6464E-25
  792.  4.1964E-25
  793.  3.4144E-25
  794.  1.6081E-25
  795.  2.0344E-25
  796.  4.8159E-25
  797.  4.8250E-25
  798.  2.8632E-25
  799.  2.6353E-25
  800.  3.6231E-25
  801.  4.6422E-25
  802.  4.3863E-25
  803.  4.3038E-25
  804.  3.8970E-25
  805.  2.7950E-25
  806.  1.7566E-25
  807.  1.7342E-25
  808.  2.0576E-25
  809.  3.0263E-25
  810.  3.9639E-25
  811.  5.6171E-25
  812.  8.9758E-25
  813.  1.7930E-24
  814.  2.9093E-24
  815.  4.0369E-24
  816.  6.0850E-24
  817.  6.9185E-24
  818.  6.1194E-24
  819.  5.2930E-24
  820.  4.0023E-24
  821.  1.9015E-24
  822.  3.5955E-24
  823.  7.9501E-24
  824.  4.9653E-24
  825.  2.1354E-24
  826.  2.1735E-24
  827.  2.4186E-24
  828.  3.8097E-24
  829.  3.8180E-24
  830.  2.9519E-24
  831.  2.4250E-24
  832.  2.5728E-24
  833.  2.0102E-24
  834.  1.3235E-24
  835.  8.7928E-25
  836.  7.9746E-25
  837.  6.1373E-25
  838.  4.7648E-25
  839.  3.2226E-25
  840.  2.6170E-25
  841.  2.8780E-25
  842.  2.1683E-25
  843.  1.4643E-25
  844.  1.5226E-25
  845.  9.2736E-26
  846.  5.8506E-26
  847.  4.1788E-26
  848.  5.9715E-26
  849.  7.8881E-26
  850.  7.9989E-26
  851.  1.0417E-25
  852.  1.0371E-25
  853.  6.6693E-26
  854.  6.8817E-26
  855.  5.7941E-26
  856.  4.0870E-26
  857.  3.3497E-26
  858.  2.7620E-26
  859.  1.4569E-26
  860.  7.2944E-27
  861.  5.3438E-27
  862.  3.1732E-27
  863.  2.1407E-27
  864.  1.6328E-27
  865.  2.3263E-28
  866.  9.7498E-30
  867.  6.1990E-29
  868.  1.2027E-28
  869.  5.0668E-29
  870.  3.6945E-28
  871.  1.0308E-27
  872.  3.9729E-28
  873.  4.3929E-29
  874.  5.6158E-28
  875.  2.8342E-27
  876.  5.2584E-27
  877.  5.7923E-27
  878.  1.2323E-26
  879.  1.3294E-26
  880.  1.7082E-26
  881.  2.9696E-26
  882.  3.8200E-26
  883.  4.0151E-26
  884.  3.7741E-26
  885.  5.2642E-26
  886.  1.0142E-25
  887.  8.9499E-26
  888.  1.0861E-25
  889.  8.4875E-26
  890.  9.7570E-26
  891.  1.2481E-25
  892.  2.4723E-25
  893.  6.2408E-25
  894.  1.1673E-24
  895.  2.4214E-24
  896.  4.5532E-24
  897.  6.4049E-24
  898.  7.8491E-24
  899.  1.1623E-23
  900.  1.0600E-23
  901.  9.1314E-24
  902.  9.4791E-24
  903.  6.7445E-24
  904.  2.7512E-24
  905.  2.1711E-24
  906.  4.0311E-24
  907.  9.3144E-24
  908.  9.5408E-24
  909.  7.4322E-24
  910.  6.8050E-24
  911.  6.4248E-24
  912.  6.1982E-24
  913.  8.0699E-24
  914.  8.0905E-24
  915.  7.1353E-24
  916.  8.0498E-24
  917.  6.0491E-24
  918.  6.4824E-24
  919.  4.3111E-24
  920.  2.9898E-24
  921.  2.3014E-24
  922.  2.6308E-24
  923.  2.2540E-24
  924.  2.6451E-24
  925.  2.7564E-24
  926.  2.3930E-24
  927.  2.9124E-24
  928.  6.2975E-24
  929.  1.0498E-23
  930.  1.9563E-23
  931.  3.8574E-23
  932.  5.9475E-23
  933.  6.9697E-23
  934.  1.0400E-22
  935.  1.1850E-22
  936.  1.0195E-22
  937.  9.2769E-23
  938.  8.8053E-23
  939.  4.8781E-23
  940.  1.9510E-23
  941.  2.2268E-23
  942.  4.1030E-23
  943.  8.4288E-23
  944.  1.1687E-22
  945.  8.6200E-23
  946.  5.8688E-23
  947.  4.3460E-23
  948.  4.6375E-23
  949.  5.4542E-23
  950.  6.7100E-23
  951.  4.3433E-23
  952.  4.5325E-23
  953.  4.0629E-23
  954.  3.8769E-23
  955.  4.5534E-23
  956.  3.7455E-23
  957.  3.6297E-23
  958.  2.5674E-23
  959.  2.7021E-23
  960.  2.1392E-23
  961.  1.5253E-23
  962.  1.5561E-23
  963.  1.4423E-23
  964.  1.4891E-23
  965.  1.2792E-23
  966.  9.9368E-24
  967.  9.1774E-24
  968.  5.5496E-24
  969.  3.5931E-24
  970.  3.3350E-24
  971.  3.4081E-24
  972.  3.7641E-24
  973.  4.5475E-24
  974.  6.5607E-24
  975.  7.5691E-24
  976.  7.1259E-24
  977.  4.3965E-24
  978.  3.8426E-24
  979.  4.6134E-24
  980.  4.3021E-24
  981.  2.4989E-24
  982.  1.8536E-24
  983.  1.9813E-24
  984.  1.2873E-24
  985.  1.1273E-24
  986.  5.8011E-25
  987.  4.7179E-25
  988.  4.0114E-25
  989.  2.0220E-25
  990.  2.6826E-25
  991.  1.8450E-25
  992.  1.5075E-25
  993.  2.1128E-25
  994.  1.0396E-25
  995.  5.1590E-26
  996.  5.9731E-26
  997.  5.6427E-26
  998.  6.1992E-26
  999.  7.0909E-26
 1000.  7.8734E-26
