  280.  0.0000E+00
  281.  0.0000E+00
  282.  0.0000E+00
  283.  0.0000E+00
  284.  0.0000E+00
  285.  0.0000E+00
  286.  0.0000E+00
  287.  0.0000E+00
  288.  0.0000E+00
  289.  0.0000E+00
  290.  0.0000E+00
  291.  0.0000E+00
  292.  0.0000E+00
  293.  0.0000E+00
  294.  0.0000E+00
  295.  0.0000E+00
  296.  0.0000E+00
  297.  0.0000E+00
  298.  0.0000E+00
  299.  0.0000E+00
  300.  0.0000E+00
  301.  0.0000E+00
  302.  0.0000E+00
  303.  0.0000E+00
  304.  0.0000E+00
  305.  0.0000E+00
  306.  0.0000E+00
  307.  0.0000E+00
  308.  0.0000E+00
  309.  0.0000E+00
  310.  0.0000E+00
  311.  0.0000E+00
  312.  0.0000E+00
  313.  0.0000E+00
  314.  0.0000E+00
  315.  0.0000E+00
  316.  0.0000E+00
  317.  0.0000E+00
  318.  0.0000E+00
  319.  0.0000E+00
  320.  0.0000E+00
  321.  0.0000E+00
  322.  0.0000E+00
  323.  0.0000E+00
  324.  0.0000E+00
  325.  0.0000E+00
  326.  0.0000E+00
  327.  0.0000E+00
  328.  0.0000E+00
  329.  0.0000E+00
  330.  0.0000E+00
  331.  0.0000E+00
  332.  0.0000E+00
  333.  0.0000E+00
  334.  0.0000E+00
  335.  0.0000E+00
  336.  0.0000E+00
  337.  0.0000E+00
  338.  0.0000E+00
  339.  0.0000E+00
  340.  0.0000E+00
  341.  0.0000E+00
  342.  0.0000E+00
  343.  0.0000E+00
  344.  0.0000E+00
  345.  0.0000E+00
  346.  0.0000E+00
  347.  0.0000E+00
  348.  0.0000E+00
  349.  0.0000E+00
  350.  0.0000E+00
  351.  0.0000E+00
  352.  0.0000E+00
  353.  0.0000E+00
  354.  0.0000E+00
  355.  0.0000E+00
  356.  0.0000E+00
  357.  0.0000E+00
  358.  0.0000E+00
  359.  0.0000E+00
  360.  0.0000E+00
  361.  0.0000E+00
  362.  0.0000E+00
  363.  0.0000E+00
  364.  0.0000E+00
  365.  0.0000E+00
  366.  0.0000E+00
  367.  0.0000E+00
  368.  0.0000E+00
  369.  0.0000E+00
  370.  0.0000E+00
  371.  0.0000E+00
  372.  0.0000E+00
  373.  0.0000E+00
  374.  0.0000E+00
  375.  0.0000E+00
  376.  0.0000E+00
  377.  0.0000E+00
  378.  0.0000E+00
  379.  0.0000E+00
  380.  0.0000E+00
  381.  0.0000E+00
  382.  0.0000E+00
  383.  0.0000E+00
  384.  0.0000E+00
  385.  0.0000E+00
  386.  0.0000E+00
  387.  0.0000E+00
  388.  0.0000E+00
  389.  0.0000E+00
  390.  0.0000E+00
  391.  0.0000E+00
  392.  0.0000E+00
  393.  0.0000E+00
  394.  0.0000E+00
  395.  0.0000E+00
  396.  0.0000E+00
  397.  0.0000E+00
  398.  0.0000E+00
  399.  0.0000E+00
  400.  0.0000E+00
  401.  0.0000E+00
  402.  0.0000E+00
  403.  0.0000E+00
  404.  0.0000E+00
  405.  0.0000E+00
  406.  0.0000E+00
  407.  0.0000E+00
  408.  0.0000E+00
  409.  0.0000E+00
  410.  0.0000E+00
  411.  0.0000E+00
  412.  0.0000E+00
  413.  0.0000E+00
  414.  0.0000E+00
  415.  0.0000E+00
  416.  0.0000E+00
  417.  0.0000E+00
  418.  0.0000E+00
  419.  0.0000E+00
  420.  0.0000E+00
  421.  0.0000E+00
  422.  0.0000E+00
  423.  0.0000E+00
  424.  0.0000E+00
  425.  0.0000E+00
  426.  0.0000E+00
  427.  0.0000E+00
  428.  0.0000E+00
  429.  0.0000E+00
  430.  0.0000E+00
  431.  0.0000E+00
  432.  0.0000E+00
  433.  0.0000E+00
  434.  0.0000E+00
  435.  0.0000E+00
  436.  0.0000E+00
  437.  0.0000E+00
  438.  0.0000E+00
  439.  0.0000E+00
  440.  0.0000E+00
  441.  0.0000E+00
  442.  0.0000E+00
  443.  0.0000E+00
  444.  0.0000E+00
  445.  0.0000E+00
  446.  0.0000E+00
  447.  0.0000E+00
  448.  0.0000E+00
  449.  0.0000E+00
  450.  0.0000E+00
  451.  0.0000E+00
  452.  0.0000E+00
  453.  0.0000E+00
  454.  0.0000E+00
  455.  0.0000E+00
  456.  0.0000E+00
  457.  0.0000E+00
  458.  0.0000E+00
  459.  0.0000E+00
  460.  0.0000E+00
  461.  0.0000E+00
  462.  0.0000E+00
  463.  0.0000E+00
  464.  0.0000E+00
  465.  0.0000E+00
  466.  0.0000E+00
  467.  0.0000E+00
  468.  0.0000E+00
  469.  0.0000E+00
  470.  0.0000E+00
  471.  0.0000E+00
  472.  0.0000E+00
  473.  0.0000E+00
  474.  0.0000E+00
  475.  0.0000E+00
  476.  0.0000E+00
  477.  0.0000E+00
  478.  0.0000E+00
  479.  0.0000E+00
  480.  0.0000E+00
  481.  0.0000E+00
  482.  0.0000E+00
  483.  0.0000E+00
  484.  0.0000E+00
  485.  0.0000E+00
  486.  0.0000E+00
  487.  0.0000E+00
  488.  0.0000E+00
  489.  0.0000E+00
  490.  0.0000E+00
  491.  0.0000E+00
  492.  0.0000E+00
  493.  0.0000E+00
  494.  0.0000E+00
  495.  0.0000E+00
  496.  0.0000E+00
  497.  0.0000E+00
  498.  0.0000E+00
  499.  0.0000E+00
  500.  0.0000E+00
  501.  0.0000E+00
  502.  0.0000E+00
  503.  0.0000E+00
  504.  0.0000E+00
  505.  0.0000E+00
  506.  0.0000E+00
  507.  0.0000E+00
  508.  0.0000E+00
  509.  0.0000E+00
  510.  0.0000E+00
  511.  0.0000E+00
  512.  0.0000E+00
  513.  0.0000E+00
  514.  0.0000E+00
  515.  0.0000E+00
  516.  0.0000E+00
  517.  0.0000E+00
  518.  0.0000E+00
  519.  0.0000E+00
  520.  0.0000E+00
  521.  0.0000E+00
  522.  0.0000E+00
  523.  0.0000E+00
  524.  0.0000E+00
  525.  0.0000E+00
  526.  0.0000E+00
  527.  0.0000E+00
  528.  0.0000E+00
  529.  0.0000E+00
  530.  0.0000E+00
  531.  0.0000E+00
  532.  0.0000E+00
  533.  0.0000E+00
  534.  0.0000E+00
  535.  0.0000E+00
  536.  0.0000E+00
  537.  0.0000E+00
  538.  0.0000E+00
  539.  0.0000E+00
  540.  0.0000E+00
  541.  0.0000E+00
  542.  0.0000E+00
  543.  0.0000E+00
  544.  0.0000E+00
  545.  0.0000E+00
  546.  0.0000E+00
  547.  0.0000E+00
  548.  0.0000E+00
  549.  0.0000E+00
  550.  0.0000E+00
  551.  0.0000E+00
  552.  0.0000E+00
  553.  0.0000E+00
  554.  0.0000E+00
  555.  0.0000E+00
  556.  0.0000E+00
  557.  0.0000E+00
  558.  0.0000E+00
  559.  0.0000E+00
  560.  0.0000E+00
  561.  0.0000E+00
  562.  0.0000E+00
  563.  0.0000E+00
  564.  0.0000E+00
  565.  0.0000E+00
  566.  0.0000E+00
  567.  0.0000E+00
  568.  0.0000E+00
  569.  0.0000E+00
  570.  0.0000E+00
  571.  0.0000E+00
  572.  0.0000E+00
  573.  0.0000E+00
  574.  0.0000E+00
  575.  0.0000E+00
  576.  0.0000E+00
  577.  0.0000E+00
  578.  0.0000E+00
  579.  0.0000E+00
  580.  0.0000E+00
  581.  0.0000E+00
  582.  0.0000E+00
  583.  0.0000E+00
  584.  0.0000E+00
  585.  0.0000E+00
  586.  0.0000E+00
  587.  0.0000E+00
  588.  0.0000E+00
  589.  0.0000E+00
  590.  0.0000E+00
  591.  0.0000E+00
  592.  0.0000E+00
  593.  0.0000E+00
  594.  0.0000E+00
  595.  0.0000E+00
  596.  0.0000E+00
  597.  0.0000E+00
  598.  0.0000E+00
  599.  0.0000E+00
  600.  0.0000E+00
  601.  0.0000E+00
  602.  0.0000E+00
  603.  0.0000E+00
  604.  0.0000E+00
  605.  0.0000E+00
  606.  0.0000E+00
  607.  0.0000E+00
  608.  0.0000E+00
  609.  0.0000E+00
  610.  0.0000E+00
  611.  0.0000E+00
  612.  0.0000E+00
  613.  0.0000E+00
  614.  0.0000E+00
  615.  0.0000E+00
  616.  0.0000E+00
  617.  0.0000E+00
  618.  0.0000E+00
  619.  0.0000E+00
  620.  0.0000E+00
  621.  0.0000E+00
  622.  0.0000E+00
  623.  0.0000E+00
  624.  0.0000E+00
  625.  0.0000E+00
  626.  0.0000E+00
  627.  0.0000E+00
  628.  0.0000E+00
  629.  0.0000E+00
  630.  0.0000E+00
  631.  0.0000E+00
  632.  0.0000E+00
  633.  0.0000E+00
  634.  0.0000E+00
  635.  0.0000E+00
  636.  0.0000E+00
  637.  0.0000E+00
  638.  0.0000E+00
  639.  0.0000E+00
  640.  0.0000E+00
  641.  0.0000E+00
  642.  0.0000E+00
  643.  0.0000E+00
  644.  0.0000E+00
  645.  0.0000E+00
  646.  0.0000E+00
  647.  0.0000E+00
  648.  0.0000E+00
  649.  0.0000E+00
  650.  1.6069E-26
  651.  1.4159E-26
  652.  1.0508E-26
  653.  8.4047E-27
  654.  7.0398E-27
  655.  4.1336E-27
  656.  3.4205E-27
  657.  6.2708E-27
  658.  7.9249E-27
  659.  7.8467E-27
  660.  5.8343E-27
  661.  2.1827E-27
  662.  2.9066E-28
  663.  1.1580E-29
  664.  1.2857E-31
  665.  8.5374E-34
  666.  1.3038E-31
  667.  9.5196E-30
  668.  1.7857E-28
  669.  8.6640E-28
  670.  1.3166E-27
  671.  2.4272E-27
  672.  5.7887E-27
  673.  7.8412E-27
  674.  8.1700E-27
  675.  8.1840E-27
  676.  8.1841E-27
  677.  8.1841E-27
  678.  8.1841E-27
  679.  8.1842E-27
  680.  8.1897E-27
  681.  8.3677E-27
  682.  9.8266E-27
  683.  1.3403E-26
  684.  1.6358E-26
  685.  1.7448E-26
  686.  4.2939E-26
  687.  2.4931E-25
  688.  1.3959E-25
  689.  1.3913E-25
  690.  1.3047E-25
  691.  8.2684E-26
  692.  4.4212E-26
  693.  2.5799E-26
  694.  1.5971E-26
  695.  1.1172E-26
  696.  8.6499E-27
  697.  8.2500E-27
  698.  7.5732E-27
  699.  5.3896E-27
  700.  3.7575E-27
  701.  2.5724E-27
  702.  1.8568E-27
  703.  1.6554E-27
  704.  1.9694E-27
  705.  2.7274E-27
  706.  3.7840E-27
  707.  4.9463E-27
  708.  6.0247E-27
  709.  6.8859E-27
  710.  7.4789E-27
  711.  7.8222E-27
  712.  7.9625E-27
  713.  7.9338E-27
  714.  7.7345E-27
  715.  7.3319E-27
  716.  6.6890E-27
  717.  5.8019E-27
  718.  4.7289E-27
  719.  3.5936E-27
  720.  2.5584E-27
  721.  1.7828E-27
  722.  1.3904E-27
  723.  1.4542E-27
  724.  1.9954E-27
  725.  2.9842E-27
  726.  4.3437E-27
  727.  5.9638E-27
  728.  7.7236E-27
  729.  9.5094E-27
  730.  1.1218E-26
  731.  1.2756E-26
  732.  1.4052E-26
  733.  1.5086E-26
  734.  1.5914E-26
  735.  1.6667E-26
  736.  1.6372E-26
  737.  1.6493E-26
  738.  1.7622E-26
  739.  2.0851E-26
  740.  2.3913E-26
  741.  2.6223E-26
  742.  2.9945E-26
  743.  3.3950E-26
  744.  3.8509E-26
  745.  4.4000E-26
  746.  5.1093E-26
  747.  5.9785E-26
  748.  6.9737E-26
  749.  8.1373E-26
  750.  9.2281E-26
  751.  1.0786E-25
  752.  1.2236E-25
  753.  1.3852E-25
  754.  1.5363E-25
  755.  1.7231E-25
  756.  1.9356E-25
  757.  2.1517E-25
  758.  2.5371E-25
  759.  4.5013E-25
  760.  1.9233E-24
  761.  3.1918E-24
  762.  1.9056E-24
  763.  1.8298E-24
  764.  2.1511E-24
  765.  1.6123E-24
  766.  9.6572E-25
  767.  5.1560E-25
  768.  2.7826E-25
  769.  1.5550E-25
  770.  1.0639E-25
  771.  7.3657E-26
  772.  5.8679E-26
  773.  4.9523E-26
  774.  4.1256E-26
  775.  3.6807E-26
  776.  3.2934E-26
  777.  2.9103E-26
  778.  2.5632E-26
  779.  2.2965E-26
  780.  1.9455E-26
  781.  1.6973E-26
  782.  1.6098E-26
  783.  1.4291E-26
  784.  1.0863E-26
  785.  8.6724E-27
  786.  8.2031E-27
  787.  7.9206E-27
  788.  6.2721E-27
  789.  2.8363E-27
  790.  5.2879E-28
  791.  3.3740E-29
  792.  6.6637E-31
  793.  3.7800E-33
  794.  5.5578E-36
  795.  0.0000E+00
  796.  0.0000E+00
  797.  0.0000E+00
  798.  0.0000E+00
  799.  0.0000E+00
  800.  0.0000E+00
  801.  0.0000E+00
  802.  0.0000E+00
  803.  0.0000E+00
  804.  0.0000E+00
  805.  0.0000E+00
  806.  0.0000E+00
  807.  0.0000E+00
  808.  0.0000E+00
  809.  0.0000E+00
  810.  0.0000E+00
  811.  0.0000E+00
  812.  0.0000E+00
  813.  0.0000E+00
  814.  0.0000E+00
  815.  0.0000E+00
  816.  0.0000E+00
  817.  0.0000E+00
  818.  0.0000E+00
  819.  0.0000E+00
  820.  0.0000E+00
  821.  0.0000E+00
  822.  0.0000E+00
  823.  0.0000E+00
  824.  0.0000E+00
  825.  0.0000E+00
  826.  0.0000E+00
  827.  0.0000E+00
  828.  0.0000E+00
  829.  0.0000E+00
  830.  0.0000E+00
  831.  0.0000E+00
  832.  0.0000E+00
  833.  0.0000E+00
  834.  0.0000E+00
  835.  0.0000E+00
  836.  0.0000E+00
  837.  0.0000E+00
  838.  0.0000E+00
  839.  0.0000E+00
  840.  0.0000E+00
  841.  0.0000E+00
  842.  0.0000E+00
  843.  0.0000E+00
  844.  0.0000E+00
  845.  0.0000E+00
  846.  0.0000E+00
  847.  0.0000E+00
  848.  0.0000E+00
  849.  0.0000E+00
  850.  0.0000E+00
  851.  0.0000E+00
  852.  0.0000E+00
  853.  0.0000E+00
  854.  0.0000E+00
  855.  0.0000E+00
  856.  0.0000E+00
  857.  0.0000E+00
  858.  0.0000E+00
  859.  0.0000E+00
  860.  0.0000E+00
  861.  0.0000E+00
  862.  0.0000E+00
  863.  0.0000E+00
  864.  0.0000E+00
  865.  0.0000E+00
  866.  0.0000E+00
  867.  0.0000E+00
  868.  0.0000E+00
  869.  0.0000E+00
  870.  0.0000E+00
  871.  0.0000E+00
  872.  0.0000E+00
  873.  0.0000E+00
  874.  0.0000E+00
  875.  0.0000E+00
  876.  0.0000E+00
  877.  0.0000E+00
  878.  0.0000E+00
  879.  0.0000E+00
  880.  0.0000E+00
  881.  0.0000E+00
  882.  0.0000E+00
  883.  0.0000E+00
  884.  0.0000E+00
  885.  0.0000E+00
  886.  0.0000E+00
  887.  0.0000E+00
  888.  0.0000E+00
  889.  0.0000E+00
  890.  0.0000E+00
  891.  0.0000E+00
  892.  0.0000E+00
  893.  0.0000E+00
  894.  0.0000E+00
  895.  0.0000E+00
  896.  0.0000E+00
  897.  0.0000E+00
  898.  0.0000E+00
  899.  0.0000E+00
  900.  0.0000E+00
  901.  0.0000E+00
  902.  0.0000E+00
  903.  0.0000E+00
  904.  0.0000E+00
  905.  0.0000E+00
  906.  0.0000E+00
  907.  0.0000E+00
  908.  0.0000E+00
  909.  0.0000E+00
  910.  0.0000E+00
  911.  0.0000E+00
  912.  0.0000E+00
  913.  0.0000E+00
  914.  0.0000E+00
  915.  0.0000E+00
  916.  0.0000E+00
  917.  0.0000E+00
  918.  0.0000E+00
  919.  0.0000E+00
  920.  0.0000E+00
  921.  0.0000E+00
  922.  0.0000E+00
  923.  0.0000E+00
  924.  0.0000E+00
  925.  0.0000E+00
  926.  0.0000E+00
  927.  0.0000E+00
  928.  0.0000E+00
  929.  0.0000E+00
  930.  0.0000E+00
  931.  0.0000E+00
  932.  0.0000E+00
  933.  0.0000E+00
  934.  0.0000E+00
  935.  0.0000E+00
  936.  0.0000E+00
  937.  0.0000E+00
  938.  0.0000E+00
  939.  0.0000E+00
  940.  0.0000E+00
  941.  0.0000E+00
  942.  0.0000E+00
  943.  0.0000E+00
  944.  0.0000E+00
  945.  0.0000E+00
  946.  0.0000E+00
  947.  0.0000E+00
  948.  0.0000E+00
  949.  0.0000E+00
  950.  0.0000E+00
  951.  0.0000E+00
  952.  0.0000E+00
  953.  0.0000E+00
  954.  0.0000E+00
  955.  0.0000E+00
  956.  0.0000E+00
  957.  0.0000E+00
  958.  0.0000E+00
  959.  0.0000E+00
  960.  0.0000E+00
  961.  0.0000E+00
  962.  0.0000E+00
  963.  0.0000E+00
  964.  0.0000E+00
  965.  0.0000E+00
  966.  0.0000E+00
  967.  0.0000E+00
  968.  0.0000E+00
  969.  0.0000E+00
  970.  0.0000E+00
  971.  0.0000E+00
  972.  0.0000E+00
  973.  0.0000E+00
  974.  0.0000E+00
  975.  0.0000E+00
  976.  0.0000E+00
  977.  0.0000E+00
  978.  0.0000E+00
  979.  0.0000E+00
  980.  0.0000E+00
  981.  0.0000E+00
  982.  0.0000E+00
  983.  0.0000E+00
  984.  0.0000E+00
  985.  0.0000E+00
  986.  0.0000E+00
  987.  0.0000E+00
  988.  0.0000E+00
  989.  0.0000E+00
  990.  0.0000E+00
  991.  0.0000E+00
  992.  0.0000E+00
  993.  0.0000E+00
  994.  0.0000E+00
  995.  0.0000E+00
  996.  0.0000E+00
  997.  0.0000E+00
  998.  0.0000E+00
  999.  0.0000E+00
 1000.  0.0000E+00
