  280.  3.8927E-18
  281.  3.5266E-18
  282.  3.1027E-18
  283.  2.8777E-18
  284.  2.5901E-18
  285.  2.3570E-18
  286.  2.1387E-18
  287.  1.9167E-18
  288.  1.6539E-18
  289.  1.4912E-18
  290.  1.3279E-18
  291.  1.1949E-18
  292.  1.0218E-18
  293.  9.2668E-19
  294.  7.9258E-19
  295.  7.1306E-19
  296.  6.1241E-19
  297.  5.4244E-19
  298.  4.5975E-19
  299.  4.1382E-19
  300.  3.5258E-19
  301.  3.0718E-19
  302.  2.7150E-19
  303.  2.2878E-19
  304.  2.0918E-19
  305.  1.7404E-19
  306.  1.5514E-19
  307.  1.3532E-19
  308.  1.1691E-19
  309.  1.0646E-19
  310.  8.4553E-20
  311.  7.7286E-20
  312.  6.5919E-20
  313.  5.6081E-20
  314.  5.3624E-20
  315.  4.0609E-20
  316.  3.8178E-20
  317.  3.2028E-20
  318.  3.0503E-20
  319.  1.9687E-20
  320.  2.6654E-20
  321.  1.3866E-20
  322.  1.8706E-20
  323.  1.6095E-20
  324.  7.1576E-21
  325.  1.5616E-20
  326.  7.9071E-21
  327.  4.9517E-21
  328.  1.1693E-20
  329.  3.6315E-21
  330.  2.6566E-21
  331.  6.0013E-21
  332.  2.5872E-21
  333.  2.0427E-21
  334.  4.2350E-21
  335.  1.3515E-21
  336.  7.7737E-22
  337.  1.7932E-21
  338.  1.4722E-21
  339.  5.4661E-22
  340.  1.0766E-21
  341.  6.5735E-22
  342.  2.7747E-22
  343.  3.0938E-22
  344.  1.2107E-21
  345.  4.0496E-22
  346.  1.9264E-22
  347.  1.8985E-22
  348.  1.7356E-22
  349.  6.7553E-23
  350.  6.9097E-23
  351.  8.9790E-23
  352.  2.0675E-22
  353.  7.3034E-23
  354.  2.2949E-23
  355.  4.3832E-23
  356.  1.6115E-23
  357.  1.9979E-23
  358.  6.1978E-24
  359.  9.9694E-24
  360.  4.2046E-23
  361.  1.5299E-23
  362.  4.2803E-24
  363.  2.3761E-24
  364.  1.6341E-24
  365.  5.1333E-24
  366.  2.8903E-25
  367.  0.0000E+00
  368.  0.0000E+00
  369.  0.0000E+00
  370.  0.0000E+00
  371.  0.0000E+00
  372.  0.0000E+00
  373.  0.0000E+00
  374.  0.0000E+00
  375.  0.0000E+00
  376.  3.9881E-24
  377.  4.3583E-24
  378.  8.5919E-25
  379.  0.0000E+00
  380.  0.0000E+00
  381.  0.0000E+00
  382.  0.0000E+00
  383.  0.0000E+00
  384.  0.0000E+00
  385.  0.0000E+00
  386.  0.0000E+00
  387.  6.1703E-25
  388.  3.3383E-24
  389.  3.7198E-24
  390.  4.2372E-24
  391.  4.0017E-24
  392.  8.9886E-24
  393.  7.5020E-24
  394.  4.9266E-24
  395.  5.7605E-24
  396.  5.7401E-24
  397.  6.3082E-24
  398.  4.8394E-24
  399.  6.1001E-24
  400.  2.4522E-24
  401.  1.3623E-23
  402.  1.4913E-23
  403.  1.5196E-23
  404.  1.4719E-23
  405.  1.4544E-23
  406.  1.5932E-23
  407.  1.9002E-23
  408.  2.2920E-23
  409.  2.5187E-23
  410.  2.6466E-23
  411.  2.6616E-23
  412.  2.6058E-23
  413.  2.3431E-23
  414.  2.4226E-23
  415.  2.7477E-23
  416.  3.1843E-23
  417.  3.4822E-23
  418.  3.6509E-23
  419.  3.5042E-23
  420.  3.5550E-23
  421.  3.8089E-23
  422.  4.4792E-23
  423.  5.3481E-23
  424.  6.1311E-23
  425.  6.8480E-23
  426.  7.0658E-23
  427.  6.8884E-23
  428.  6.3848E-23
  429.  6.1020E-23
  430.  6.1810E-23
  431.  6.8089E-23
  432.  7.8065E-23
  433.  8.4670E-23
  434.  8.6396E-23
  435.  8.4010E-23
  436.  8.4327E-23
  437.  9.0073E-23
  438.  1.0205E-22
  439.  1.1982E-22
  440.  1.3811E-22
  441.  1.5709E-22
  442.  1.7209E-22
  443.  1.7814E-22
  444.  1.7378E-22
  445.  1.6166E-22
  446.  1.4879E-22
  447.  1.4433E-22
  448.  1.5180E-22
  449.  1.7041E-22
  450.  1.8882E-22
  451.  1.9824E-22
  452.  1.9663E-22
  453.  1.9561E-22
  454.  1.9247E-22
  455.  2.1051E-22
  456.  2.2477E-22
  457.  2.5693E-22
  458.  2.9538E-22
  459.  3.3561E-22
  460.  3.7371E-22
  461.  4.0160E-22
  462.  4.0943E-22
  463.  3.9466E-22
  464.  3.6796E-22
  465.  3.4286E-22
  466.  3.3119E-22
  467.  3.3948E-22
  468.  3.6558E-22
  469.  3.9540E-22
  470.  4.1459E-22
  471.  4.1983E-22
  472.  4.1785E-22
  473.  4.1762E-22
  474.  4.2731E-22
  475.  4.5449E-22
  476.  4.9996E-22
  477.  5.5854E-22
  478.  6.2424E-22
  479.  6.9402E-22
  480.  7.6322E-22
  481.  8.2236E-22
  482.  8.5612E-22
  483.  8.5779E-22
  484.  8.3258E-22
  485.  7.9438E-22
  486.  7.5880E-22
  487.  7.3959E-22
  488.  7.4406E-22
  489.  7.6964E-22
  490.  8.0580E-22
  491.  8.3658E-22
  492.  8.5477E-22
  493.  8.6268E-22
  494.  8.6833E-22
  495.  8.8042E-22
  496.  9.0765E-22
  497.  9.5490E-22
  498.  1.0221E-21
  499.  1.1048E-21
  500.  1.1990E-21
  501.  1.3008E-21
  502.  1.4046E-21
  503.  1.4997E-21
  504.  1.5761E-21
  505.  1.6243E-21
  506.  1.6409E-21
  507.  1.6281E-21
  508.  1.5972E-21
  509.  1.5618E-21
  510.  1.5350E-21
  511.  1.5257E-21
  512.  1.5372E-21
  513.  1.5667E-21
  514.  1.6056E-21
  515.  1.6453E-21
  516.  1.6810E-21
  517.  1.7123E-21
  518.  1.7413E-21
  519.  1.7723E-21
  520.  1.8095E-21
  521.  1.8570E-21
  522.  1.9178E-21
  523.  1.9923E-21
  524.  2.0791E-21
  525.  2.1744E-21
  526.  2.2753E-21
  527.  2.3787E-21
  528.  2.4802E-21
  529.  2.5772E-21
  530.  2.6646E-21
  531.  2.7375E-21
  532.  2.7935E-21
  533.  2.8304E-21
  534.  2.8471E-21
  535.  2.8471E-21
  536.  2.8400E-21
  537.  2.8356E-21
  538.  2.8429E-21
  539.  2.8683E-21
  540.  2.9109E-21
  541.  2.9666E-21
  542.  3.0283E-21
  543.  3.0900E-21
  544.  3.1474E-21
  545.  3.1960E-21
  546.  3.2367E-21
  547.  3.2711E-21
  548.  3.3012E-21
  549.  3.3291E-21
  550.  3.3575E-21
  551.  3.3881E-21
  552.  3.4214E-21
  553.  3.4583E-21
  554.  3.5005E-21
  555.  3.5503E-21
  556.  3.6098E-21
  557.  3.6811E-21
  558.  3.7648E-21
  559.  3.8588E-21
  560.  3.9595E-21
  561.  4.0619E-21
  562.  4.1602E-21
  563.  4.2495E-21
  564.  4.3287E-21
  565.  4.3983E-21
  566.  4.4610E-21
  567.  4.5189E-21
  568.  4.5761E-21
  569.  4.6348E-21
  570.  4.6941E-21
  571.  4.7508E-21
  572.  4.8003E-21
  573.  4.8363E-21
  574.  4.8541E-21
  575.  4.8520E-21
  576.  4.8327E-21
  577.  4.7998E-21
  578.  4.7585E-21
  579.  4.7124E-21
  580.  4.6643E-21
  581.  4.6169E-21
  582.  4.5735E-21
  583.  4.5358E-21
  584.  4.5049E-21
  585.  4.4806E-21
  586.  4.4638E-21
  587.  4.4554E-21
  588.  4.4558E-21
  589.  4.4650E-21
  590.  4.4849E-21
  591.  4.5189E-21
  592.  4.5690E-21
  593.  4.6361E-21
  594.  4.7185E-21
  595.  4.8088E-21
  596.  4.9031E-21
  597.  4.9970E-21
  598.  5.0846E-21
  599.  5.1600E-21
  600.  5.2207E-21
  601.  5.2612E-21
  602.  5.2789E-21
  603.  5.2753E-21
  604.  5.2509E-21
  605.  5.2085E-21
  606.  5.1503E-21
  607.  5.0789E-21
  608.  4.9971E-21
  609.  4.9096E-21
  610.  4.8111E-21
  611.  4.5814E-21
  612.  4.5281E-21
  613.  4.4664E-21
  614.  4.4018E-21
  615.  4.3368E-21
  616.  4.2744E-21
  617.  4.2135E-21
  618.  4.1559E-21
  619.  4.1022E-21
  620.  4.0524E-21
  621.  4.0048E-21
  622.  3.9587E-21
  623.  3.9134E-21
  624.  3.8680E-21
  625.  3.8213E-21
  626.  3.7729E-21
  627.  3.7219E-21
  628.  3.6693E-21
  629.  3.6152E-21
  630.  3.5613E-21
  631.  3.5084E-21
  632.  3.4561E-21
  633.  3.4025E-21
  634.  3.3469E-21
  635.  3.2875E-21
  636.  3.2267E-21
  637.  3.1653E-21
  638.  3.1044E-21
  639.  3.0421E-21
  640.  2.9788E-21
  641.  2.9173E-21
  642.  2.8594E-21
  643.  2.8063E-21
  644.  2.7575E-21
  645.  2.7097E-21
  646.  2.6622E-21
  647.  2.6146E-21
  648.  2.5690E-21
  649.  2.5266E-21
  650.  2.4862E-21
  651.  2.4470E-21
  652.  2.4077E-21
  653.  2.3666E-21
  654.  2.3241E-21
  655.  2.2819E-21
  656.  2.2397E-21
  657.  2.1987E-21
  658.  2.1586E-21
  659.  2.1197E-21
  660.  2.0815E-21
  661.  2.0446E-21
  662.  2.0085E-21
  663.  1.9719E-21
  664.  1.9326E-21
  665.  1.8907E-21
  666.  1.8477E-21
  667.  1.8045E-21
  668.  1.7617E-21
  669.  1.7197E-21
  670.  1.6782E-21
  671.  1.6380E-21
  672.  1.5991E-21
  673.  1.5620E-21
  674.  1.5268E-21
  675.  1.4930E-21
  676.  1.4602E-21
  677.  1.4281E-21
  678.  1.3965E-21
  679.  1.3673E-21
  680.  1.3408E-21
  681.  1.3177E-21
  682.  1.2975E-21
  683.  1.2794E-21
  684.  1.2615E-21
  685.  1.2410E-21
  686.  1.2176E-21
  687.  1.1898E-21
  688.  1.1597E-21
  689.  1.1283E-21
  690.  1.0973E-21
  691.  1.0675E-21
  692.  1.0393E-21
  693.  1.0121E-21
  694.  9.8398E-22
  695.  9.5689E-22
  696.  9.2996E-22
  697.  9.0396E-22
  698.  8.7917E-22
  699.  8.5585E-22
  700.  8.3379E-22
  701.  8.1458E-22
  702.  7.9756E-22
  703.  7.8257E-22
  704.  7.6884E-22
  705.  7.5651E-22
  706.  7.4482E-22
  707.  7.3365E-22
  708.  7.2281E-22
  709.  7.1318E-22
  710.  7.0395E-22
  711.  6.9557E-22
  712.  6.8912E-22
  713.  6.8523E-22
  714.  6.8364E-22
  715.  6.8150E-22
  716.  6.7600E-22
  717.  6.6442E-22
  718.  6.4748E-22
  719.  6.2623E-22
  720.  6.0310E-22
  721.  5.8017E-22
  722.  5.6024E-22
  723.  5.4383E-22
  724.  5.3016E-22
  725.  5.1903E-22
  726.  5.0685E-22
  727.  4.9365E-22
  728.  4.7935E-22
  729.  4.6570E-22
  730.  4.5333E-22
  731.  4.4340E-22
  732.  4.3455E-22
  733.  4.2781E-22
  734.  4.2279E-22
  735.  4.2070E-22
  736.  4.1859E-22
  737.  4.1641E-22
  738.  4.1411E-22
  739.  4.1278E-22
  740.  4.1285E-22
  741.  4.1476E-22
  742.  4.1803E-22
  743.  4.2382E-22
  744.  4.3077E-22
  745.  4.3806E-22
  746.  4.4477E-22
  747.  4.4766E-22
  748.  4.4581E-22
  749.  4.3752E-22
  750.  4.2274E-22
  751.  4.0204E-22
  752.  3.7883E-22
  753.  3.5648E-22
  754.  3.3647E-22
  755.  3.1930E-22
  756.  3.0467E-22
  757.  2.9333E-22
  758.  2.8371E-22
  759.  2.7628E-22
  760.  2.6890E-22
  761.  2.6395E-22
  762.  2.6078E-22
  763.  2.5665E-22
  764.  2.5305E-22
  765.  2.5071E-22
  766.  2.4861E-22
  767.  2.4722E-22
  768.  2.4700E-22
  769.  2.4734E-22
  770.  2.4924E-22
  771.  2.5325E-22
  772.  2.5919E-22
  773.  2.6787E-22
  774.  2.7915E-22
  775.  2.9230E-22
  776.  3.0583E-22
  777.  3.1817E-22
  778.  3.2670E-22
  779.  3.2986E-22
  780.  3.2636E-22
  781.  3.1764E-22
  782.  3.0362E-22
  783.  2.8652E-22
  784.  2.6885E-22
  785.  2.5246E-22
  786.  2.3845E-22
  787.  2.2628E-22
  788.  2.1602E-22
  789.  2.0682E-22
  790.  1.9816E-22
  791.  1.9051E-22
  792.  1.8285E-22
  793.  1.7496E-22
  794.  1.6804E-22
  795.  0.0000E+00
  796.  0.0000E+00
  797.  0.0000E+00
  798.  0.0000E+00
  799.  0.0000E+00
  800.  0.0000E+00
  801.  0.0000E+00
  802.  0.0000E+00
  803.  0.0000E+00
  804.  0.0000E+00
  805.  0.0000E+00
  806.  0.0000E+00
  807.  0.0000E+00
  808.  0.0000E+00
  809.  0.0000E+00
  810.  0.0000E+00
  811.  0.0000E+00
  812.  0.0000E+00
  813.  0.0000E+00
  814.  0.0000E+00
  815.  0.0000E+00
  816.  0.0000E+00
  817.  0.0000E+00
  818.  0.0000E+00
  819.  0.0000E+00
  820.  0.0000E+00
  821.  0.0000E+00
  822.  0.0000E+00
  823.  0.0000E+00
  824.  0.0000E+00
  825.  0.0000E+00
  826.  0.0000E+00
  827.  0.0000E+00
  828.  0.0000E+00
  829.  0.0000E+00
  830.  0.0000E+00
  831.  0.0000E+00
  832.  0.0000E+00
  833.  0.0000E+00
  834.  0.0000E+00
  835.  0.0000E+00
  836.  0.0000E+00
  837.  0.0000E+00
  838.  0.0000E+00
  839.  0.0000E+00
  840.  0.0000E+00
  841.  0.0000E+00
  842.  0.0000E+00
  843.  0.0000E+00
  844.  0.0000E+00
  845.  0.0000E+00
  846.  0.0000E+00
  847.  0.0000E+00
  848.  0.0000E+00
  849.  0.0000E+00
  850.  0.0000E+00
  851.  0.0000E+00
  852.  0.0000E+00
  853.  0.0000E+00
  854.  0.0000E+00
  855.  0.0000E+00
  856.  0.0000E+00
  857.  0.0000E+00
  858.  0.0000E+00
  859.  0.0000E+00
  860.  0.0000E+00
  861.  0.0000E+00
  862.  0.0000E+00
  863.  0.0000E+00
  864.  0.0000E+00
  865.  0.0000E+00
  866.  0.0000E+00
  867.  0.0000E+00
  868.  0.0000E+00
  869.  0.0000E+00
  870.  0.0000E+00
  871.  0.0000E+00
  872.  0.0000E+00
  873.  0.0000E+00
  874.  0.0000E+00
  875.  0.0000E+00
  876.  0.0000E+00
  877.  0.0000E+00
  878.  0.0000E+00
  879.  0.0000E+00
  880.  0.0000E+00
  881.  0.0000E+00
  882.  0.0000E+00
  883.  0.0000E+00
  884.  0.0000E+00
  885.  0.0000E+00
  886.  0.0000E+00
  887.  0.0000E+00
  888.  0.0000E+00
  889.  0.0000E+00
  890.  0.0000E+00
  891.  0.0000E+00
  892.  0.0000E+00
  893.  0.0000E+00
  894.  0.0000E+00
  895.  0.0000E+00
  896.  0.0000E+00
  897.  0.0000E+00
  898.  0.0000E+00
  899.  0.0000E+00
  900.  0.0000E+00
  901.  0.0000E+00
  902.  0.0000E+00
  903.  0.0000E+00
  904.  0.0000E+00
  905.  0.0000E+00
  906.  0.0000E+00
  907.  0.0000E+00
  908.  0.0000E+00
  909.  0.0000E+00
  910.  0.0000E+00
  911.  0.0000E+00
  912.  0.0000E+00
  913.  0.0000E+00
  914.  0.0000E+00
  915.  0.0000E+00
  916.  0.0000E+00
  917.  0.0000E+00
  918.  0.0000E+00
  919.  0.0000E+00
  920.  0.0000E+00
  921.  0.0000E+00
  922.  0.0000E+00
  923.  0.0000E+00
  924.  0.0000E+00
  925.  0.0000E+00
  926.  0.0000E+00
  927.  0.0000E+00
  928.  0.0000E+00
  929.  0.0000E+00
  930.  0.0000E+00
  931.  0.0000E+00
  932.  0.0000E+00
  933.  0.0000E+00
  934.  0.0000E+00
  935.  0.0000E+00
  936.  0.0000E+00
  937.  0.0000E+00
  938.  0.0000E+00
  939.  0.0000E+00
  940.  0.0000E+00
  941.  0.0000E+00
  942.  0.0000E+00
  943.  0.0000E+00
  944.  0.0000E+00
  945.  0.0000E+00
  946.  0.0000E+00
  947.  0.0000E+00
  948.  0.0000E+00
  949.  0.0000E+00
  950.  0.0000E+00
  951.  0.0000E+00
  952.  0.0000E+00
  953.  0.0000E+00
  954.  0.0000E+00
  955.  0.0000E+00
  956.  0.0000E+00
  957.  0.0000E+00
  958.  0.0000E+00
  959.  0.0000E+00
  960.  0.0000E+00
  961.  0.0000E+00
  962.  0.0000E+00
  963.  0.0000E+00
  964.  0.0000E+00
  965.  0.0000E+00
  966.  0.0000E+00
  967.  0.0000E+00
  968.  0.0000E+00
  969.  0.0000E+00
  970.  0.0000E+00
  971.  0.0000E+00
  972.  0.0000E+00
  973.  0.0000E+00
  974.  0.0000E+00
  975.  0.0000E+00
  976.  0.0000E+00
  977.  0.0000E+00
  978.  0.0000E+00
  979.  0.0000E+00
  980.  0.0000E+00
  981.  0.0000E+00
  982.  0.0000E+00
  983.  0.0000E+00
  984.  0.0000E+00
  985.  0.0000E+00
  986.  0.0000E+00
  987.  0.0000E+00
  988.  0.0000E+00
  989.  0.0000E+00
  990.  0.0000E+00
  991.  0.0000E+00
  992.  0.0000E+00
  993.  0.0000E+00
  994.  0.0000E+00
  995.  0.0000E+00
  996.  0.0000E+00
  997.  0.0000E+00
  998.  0.0000E+00
  999.  0.0000E+00
 1000.  0.0000E+00
