 280.  1.03320E-01
 281.  1.59928E-01
 282.  2.53329E-01
 283.  3.03859E-01
 284.  2.80385E-01
 285.  2.10317E-01
 286.  2.53484E-01
 287.  3.31743E-01
 288.  3.41909E-01
 289.  4.18302E-01
 290.  5.46315E-01
 291.  5.98055E-01
 292.  5.71976E-01
 293.  5.48853E-01
 294.  5.40098E-01
 295.  5.45358E-01
 296.  5.50602E-01
 297.  5.15290E-01
 298.  5.06526E-01
 299.  4.88437E-01
 300.  4.64593E-01
 301.  4.59755E-01
 302.  4.83203E-01
 303.  5.73745E-01
 304.  6.14931E-01
 305.  6.19119E-01
 306.  5.92392E-01
 307.  6.08888E-01
 308.  6.26339E-01
 309.  5.80714E-01
 310.  5.81871E-01
 311.  6.91918E-01
 312.  7.05808E-01
 313.  7.03408E-01
 314.  7.03413E-01
 315.  6.75953E-01
 316.  6.53998E-01
 317.  7.26596E-01
 318.  7.27926E-01
 319.  7.24197E-01
 320.  7.69676E-01
 321.  7.71176E-01
 322.  7.32328E-01
 323.  6.99833E-01
 324.  7.45035E-01
 325.  8.34092E-01
 326.  9.49735E-01
 327.  9.92468E-01
 328.  9.80655E-01
 329.  1.02149E+00
 330.  1.06911E+00
 331.  1.02142E+00
 332.  9.97480E-01
 333.  9.75703E-01
 334.  9.69078E-01
 335.  9.76942E-01
 336.  9.05490E-01
 337.  8.63580E-01
 338.  9.13630E-01
 339.  9.68209E-01
 340.  1.01252E+00
 341.  9.94727E-01
 342.  9.96270E-01
 343.  9.97746E-01
 344.  9.04726E-01
 345.  9.07859E-01
 346.  9.45733E-01
 347.  9.49041E-01
 348.  9.30584E-01
 349.  9.32272E-01
 350.  9.97241E-01
 351.  1.03312E+00
 352.  9.92204E-01
 353.  1.00841E+00
 354.  1.09764E+00
 355.  1.10309E+00
 356.  1.01171E+00
 357.  8.76767E-01
 358.  7.93831E-01
 359.  8.64341E-01
 360.  1.00013E+00
 361.  9.56790E-01
 362.  9.67884E-01
 363.  1.02620E+00
 364.  1.05173E+00
 365.  1.11113E+00
 366.  1.22988E+00
 367.  1.23635E+00
 368.  1.18715E+00
 369.  1.19759E+00
 370.  1.22577E+00
 371.  1.18356E+00
 372.  1.12910E+00
 373.  1.03081E+00
 374.  9.59485E-01
 375.  1.00324E+00
 376.  1.11342E+00
 377.  1.21621E+00
 378.  1.32761E+00
 379.  1.23774E+00
 380.  1.16811E+00
 381.  1.16205E+00
 382.  9.65913E-01
 383.  7.97005E-01
 384.  8.51149E-01
 385.  1.01033E+00
 386.  1.02864E+00
 387.  1.03874E+00
 388.  1.03988E+00
 389.  1.11399E+00
 390.  1.24875E+00
 391.  1.31158E+00
 392.  1.19057E+00
 393.  8.52519E-01
 394.  8.57902E-01
 395.  1.15910E+00
 396.  1.11005E+00
 397.  9.35207E-01
 398.  1.28130E+00
 399.  1.61031E+00
 400.  1.72344E+00
 401.  1.77131E+00
 402.  1.80778E+00
 403.  1.77684E+00
 404.  1.74663E+00
 405.  1.71998E+00
 406.  1.68662E+00
 407.  1.67297E+00
 408.  1.73733E+00
 409.  1.78676E+00
 410.  1.68010E+00
 411.  1.73455E+00
 412.  1.84694E+00
 413.  1.83248E+00
 414.  1.81415E+00
 415.  1.80675E+00
 416.  1.83742E+00
 417.  1.81076E+00
 418.  1.74923E+00
 419.  1.75967E+00
 420.  1.78451E+00
 421.  1.82362E+00
 422.  1.76308E+00
 423.  1.72037E+00
 424.  1.78646E+00
 425.  1.78846E+00
 426.  1.75237E+00
 427.  1.68747E+00
 428.  1.63714E+00
 429.  1.55764E+00
 430.  1.40197E+00
 431.  1.45343E+00
 432.  1.69536E+00
 433.  1.75180E+00
 434.  1.73528E+00
 435.  1.77881E+00
 436.  1.88018E+00
 437.  1.89809E+00
 438.  1.77617E+00
 439.  1.76009E+00
 440.  1.83355E+00
 441.  1.90072E+00
 442.  2.00381E+00
 443.  2.01783E+00
 444.  2.00351E+00
 445.  1.97252E+00
 446.  1.94316E+00
 447.  2.04166E+00
 448.  2.09038E+00
 449.  2.09137E+00
 450.  2.15290E+00
 451.  2.18566E+00
 452.  2.10755E+00
 453.  2.02864E+00
 454.  2.05267E+00
 455.  2.07884E+00
 456.  2.12587E+00
 457.  2.14812E+00
 458.  2.10970E+00
 459.  2.07493E+00
 460.  2.08970E+00
 461.  2.12504E+00
 462.  2.14936E+00
 463.  2.14158E+00
 464.  2.09661E+00
 465.  2.07129E+00
 466.  2.06044E+00
 467.  2.04552E+00
 468.  2.06889E+00
 469.  2.06268E+00
 470.  2.01892E+00
 471.  2.02465E+00
 472.  2.09203E+00
 473.  2.09070E+00
 474.  2.09555E+00
 475.  2.10000E+00
 476.  2.07051E+00
 477.  2.08678E+00
 478.  2.11559E+00
 479.  2.11657E+00
 480.  2.13472E+00
 481.  2.13141E+00
 482.  2.12971E+00
 483.  2.09893E+00
 484.  2.05496E+00
 485.  1.96929E+00
 486.  1.80518E+00
 487.  1.81125E+00
 488.  1.93442E+00
 489.  1.99745E+00
 490.  2.04661E+00
 491.  2.01885E+00
 492.  1.96594E+00
 493.  1.98791E+00
 494.  2.02317E+00
 495.  2.06022E+00
 496.  2.05893E+00
 497.  2.06944E+00
 498.  2.02507E+00
 499.  1.98624E+00
 500.  1.96836E+00
 501.  1.92206E+00
 502.  1.92514E+00
 503.  1.97180E+00
 504.  1.97815E+00
 505.  2.00384E+00
 506.  2.03245E+00
 507.  2.00994E+00
 508.  1.97854E+00
 509.  1.99204E+00
 510.  2.00381E+00
 511.  2.02451E+00
 512.  2.00543E+00
 513.  1.94245E+00
 514.  1.93113E+00
 515.  1.93808E+00
 516.  1.87586E+00
 517.  1.74306E+00
 518.  1.75204E+00
 519.  1.81889E+00
 520.  1.89673E+00
 521.  1.91747E+00
 522.  1.92955E+00
 523.  1.93798E+00
 524.  1.99631E+00
 525.  1.97815E+00
 526.  1.87803E+00
 527.  1.83171E+00
 528.  1.92017E+00
 529.  1.98436E+00
 530.  1.99878E+00
 531.  1.99897E+00
 532.  1.96100E+00
 533.  1.93818E+00
 534.  1.95859E+00
 535.  1.96994E+00
 536.  1.98620E+00
 537.  1.96163E+00
 538.  1.95859E+00
 539.  1.93046E+00
 540.  1.88171E+00
 541.  1.87427E+00
 542.  1.91890E+00
 543.  1.93761E+00
 544.  1.95092E+00
 545.  1.95467E+00
 546.  1.95009E+00
 547.  1.93248E+00
 548.  1.91831E+00
 549.  1.94133E+00
 550.  1.94831E+00
 551.  1.93193E+00
 552.  1.92621E+00
 553.  1.92987E+00
 554.  1.95384E+00
 555.  1.96263E+00
 556.  1.94133E+00
 557.  1.90155E+00
 558.  1.87733E+00
 559.  1.86473E+00
 560.  1.88431E+00
 561.  1.90454E+00
 562.  1.90351E+00
 563.  1.91915E+00
 564.  1.91232E+00
 565.  1.90268E+00
 566.  1.89346E+00
 567.  1.90600E+00
 568.  1.90359E+00
 569.  1.89569E+00
 570.  1.89511E+00
 571.  1.88226E+00
 572.  1.91393E+00
 573.  1.94179E+00
 574.  1.94176E+00
 575.  1.92401E+00
 576.  1.91046E+00
 577.  1.90452E+00
 578.  1.88889E+00
 579.  1.88806E+00
 580.  1.90370E+00
 581.  1.91387E+00
 582.  1.92522E+00
 583.  1.92763E+00
 584.  1.91820E+00
 585.  1.90524E+00
 586.  1.89041E+00
 587.  1.88764E+00
 588.  1.86323E+00
 589.  1.79539E+00
 590.  1.78000E+00
 591.  1.82149E+00
 592.  1.85230E+00
 593.  1.86223E+00
 594.  1.85476E+00
 595.  1.84524E+00
 596.  1.85138E+00
 597.  1.85574E+00
 598.  1.84154E+00
 599.  1.82857E+00
 600.  1.82050E+00
 601.  1.80542E+00
 602.  1.79403E+00
 603.  1.80980E+00
 604.  1.83489E+00
 605.  1.83968E+00
 606.  1.82865E+00
 607.  1.82172E+00
 608.  1.81301E+00
 609.  1.80357E+00
 610.  1.79756E+00
 611.  1.79735E+00
 612.  1.78542E+00
 613.  1.76310E+00
 614.  1.75109E+00
 615.  1.76416E+00
 616.  1.75533E+00
 617.  1.74503E+00
 618.  1.75728E+00
 619.  1.76585E+00
 620.  1.77340E+00
 621.  1.77184E+00
 622.  1.76042E+00
 623.  1.74612E+00
 624.  1.72416E+00
 625.  1.71175E+00
 626.  1.72818E+00
 627.  1.75853E+00
 628.  1.75796E+00
 629.  1.74912E+00
 630.  1.72079E+00
 631.  1.70683E+00
 632.  1.70131E+00
 633.  1.71299E+00
 634.  1.71318E+00
 635.  1.71892E+00
 636.  1.71470E+00
 637.  1.71523E+00
 638.  1.71513E+00
 639.  1.70734E+00
 640.  1.69019E+00
 641.  1.67714E+00
 642.  1.67349E+00
 643.  1.68059E+00
 644.  1.68497E+00
 645.  1.68557E+00
 646.  1.67473E+00
 647.  1.65835E+00
 648.  1.64144E+00
 649.  1.62831E+00
 650.  1.62900E+00
 651.  1.65911E+00
 652.  1.66537E+00
 653.  1.65752E+00
 654.  1.62376E+00
 655.  1.57341E+00
 656.  1.49440E+00
 657.  1.47752E+00
 658.  1.52670E+00
 659.  1.57176E+00
 660.  1.61723E+00
 661.  1.63217E+00
 662.  1.62416E+00
 663.  1.61420E+00
 664.  1.61201E+00
 665.  1.61189E+00
 666.  1.60280E+00
 667.  1.59646E+00
 668.  1.59694E+00
 669.  1.59765E+00
 670.  1.58678E+00
 671.  1.57645E+00
 672.  1.57015E+00
 673.  1.57410E+00
 674.  1.57314E+00
 675.  1.56716E+00
 676.  1.56420E+00
 677.  1.56010E+00
 678.  1.55868E+00
 679.  1.55505E+00
 680.  1.55146E+00
 681.  1.54685E+00
 682.  1.54119E+00
 683.  1.53142E+00
 684.  1.51661E+00
 685.  1.51504E+00
 686.  1.52475E+00
 687.  1.49010E+00
 688.  1.50710E+00
 689.  1.51813E+00
 690.  1.50520E+00
 691.  1.50459E+00
 692.  1.50267E+00
 693.  1.50199E+00
 694.  1.49737E+00
 695.  1.48798E+00
 696.  1.47928E+00
 697.  1.47587E+00
 698.  1.47061E+00
 699.  1.47061E+00
 700.  1.45912E+00
 701.  1.44345E+00
 702.  1.43609E+00
 703.  1.44247E+00
 704.  1.45371E+00
 705.  1.46168E+00
 706.  1.45852E+00
 707.  1.45248E+00
 708.  1.44516E+00
 709.  1.43507E+00
 710.  1.43407E+00
 711.  1.43266E+00
 712.  1.42933E+00
 713.  1.42496E+00
 714.  1.42167E+00
 715.  1.41520E+00
 716.  1.41380E+00
 717.  1.40168E+00
 718.  1.38895E+00
 719.  1.37506E+00
 720.  1.37353E+00
 721.  1.37996E+00
 722.  1.39546E+00
 723.  1.39758E+00
 724.  1.39534E+00
 725.  1.39556E+00
 726.  1.38820E+00
 727.  1.37907E+00
 728.  1.37097E+00
 729.  1.36575E+00
 730.  1.36965E+00
 731.  1.36736E+00
 732.  1.36753E+00
 733.  1.36506E+00
 734.  1.36488E+00
 735.  1.36011E+00
 736.  1.35492E+00
 737.  1.35166E+00
 738.  1.34310E+00
 739.  1.32428E+00
 740.  1.31634E+00
 741.  1.30943E+00
 742.  1.31291E+00
 743.  1.32579E+00
 744.  1.33174E+00
 745.  1.33070E+00
 746.  1.32985E+00
 747.  1.32560E+00
 748.  1.32240E+00
 749.  1.31808E+00
 750.  1.31398E+00
 751.  1.31022E+00
 752.  1.30787E+00
 753.  1.30390E+00
 754.  1.30312E+00
 755.  1.29946E+00
 756.  1.29561E+00
 757.  1.29305E+00
 758.  1.30040E+00
 759.  1.30206E+00
 760.  1.16027E+00
 761.  1.13700E+00
 762.  1.29679E+00
 763.  1.26886E+00
 764.  1.25890E+00
 765.  1.26594E+00
 766.  1.25274E+00
 767.  1.24688E+00
 768.  1.24688E+00
 769.  1.24528E+00
 770.  1.24771E+00
 771.  1.25102E+00
 772.  1.24826E+00
 773.  1.24604E+00
 774.  1.24067E+00
 775.  1.23193E+00
 776.  1.23404E+00
 777.  1.23436E+00
 778.  1.23312E+00
 779.  1.23497E+00
 780.  1.23182E+00
 781.  1.22827E+00
 782.  1.22738E+00
 783.  1.22310E+00
 784.  1.22016E+00
 785.  1.22076E+00
 786.  1.21990E+00
 787.  1.21898E+00
 788.  1.21695E+00
 789.  1.21453E+00
 790.  1.20883E+00
 791.  1.20138E+00
 792.  1.19110E+00
 793.  1.18348E+00
 794.  1.17929E+00
 795.  1.18300E+00
 796.  1.18809E+00
 797.  1.18996E+00
 798.  1.19017E+00
 799.  1.18592E+00
 800.  1.17795E+00
 801.  1.17563E+00
 802.  1.17352E+00
 803.  1.16926E+00
 804.  1.16921E+00
 805.  1.16357E+00
 806.  1.16316E+00
 807.  1.15674E+00
 808.  1.14950E+00
 809.  1.14358E+00
 810.  1.14145E+00
 811.  1.14606E+00
 812.  1.15164E+00
 813.  1.15544E+00
 814.  1.15601E+00
 815.  1.15435E+00
 816.  1.14530E+00
 817.  1.13493E+00
 818.  1.12285E+00
 819.  1.11079E+00
 820.  1.10243E+00
 821.  1.11374E+00
 822.  1.11339E+00
 823.  1.09504E+00
 824.  1.11541E+00
 825.  1.12113E+00
 826.  1.11524E+00
 827.  1.11889E+00
 828.  1.11347E+00
 829.  1.11492E+00
 830.  1.11008E+00
 831.  1.09982E+00
 832.  1.08641E+00
 833.  1.07619E+00
 834.  1.07266E+00
 835.  1.07946E+00
 836.  1.08447E+00
 837.  1.08874E+00
 838.  1.08954E+00
 839.  1.08483E+00
 840.  1.08292E+00
 841.  1.07833E+00
 842.  1.07454E+00
 843.  1.07090E+00
 844.  1.06336E+00
 845.  1.05766E+00
 846.  1.05266E+00
 847.  1.04633E+00
 848.  1.04960E+00
 849.  1.05257E+00
 850.  1.03446E+00
 851.  1.03119E+00
 852.  1.00304E+00
 853.  9.73474E-01
 854.  9.23752E-01
 855.  9.24145E-01
 856.  9.63761E-01
 857.  9.95541E-01
 858.  1.02978E+00
 859.  1.05279E+00
 860.  1.05863E+00
 861.  1.05061E+00
 862.  1.03166E+00
 863.  1.00955E+00
 864.  9.87853E-01
 865.  9.74375E-01
 866.  9.51387E-01
 867.  9.60327E-01
 868.  9.90208E-01
 869.  9.99558E-01
 870.  1.01213E+00
 871.  1.01545E+00
 872.  1.01513E+00
 873.  1.01406E+00
 874.  1.01204E+00
 875.  1.01348E+00
 876.  1.01449E+00
 877.  1.01379E+00
 878.  1.01030E+00
 879.  1.00384E+00
 880.  9.96473E-01
 881.  9.87352E-01
 882.  9.90697E-01
 883.  9.89604E-01
 884.  9.90901E-01
 885.  9.92620E-01
 886.  9.89811E-01
 887.  9.84629E-01
 888.  9.83737E-01
 889.  9.79085E-01
 890.  9.74324E-01
 891.  9.71642E-01
 892.  9.69268E-01
 893.  9.67136E-01
 894.  9.71378E-01
 895.  9.69669E-01
 896.  9.69248E-01
 897.  9.63128E-01
 898.  9.63725E-01
 899.  9.41498E-01
 900.  9.44121E-01
 901.  9.35563E-01
 902.  9.29197E-01
 903.  9.29799E-01
 904.  9.34647E-01
 905.  9.27786E-01
 906.  9.19405E-01
 907.  9.06452E-01
 908.  8.98598E-01
 909.  8.93131E-01
 910.  8.92927E-01
 911.  8.96864E-01
 912.  9.03320E-01
 913.  9.00520E-01
 914.  8.99425E-01
 915.  9.02997E-01
 916.  8.90575E-01
 917.  8.93241E-01
 918.  8.75453E-01
 919.  8.76724E-01
 920.  8.68412E-01
 921.  8.60978E-01
 922.  8.53082E-01
 923.  8.52845E-01
 924.  8.50990E-01
 925.  8.52614E-01
 926.  8.52853E-01
 927.  8.61107E-01
 928.  8.55820E-01
 929.  8.58499E-01
 930.  8.58182E-01
 931.  8.58394E-01
 932.  8.44941E-01
 933.  8.55265E-01
 934.  8.28153E-01
 935.  8.32674E-01
 936.  8.37887E-01
 937.  8.33619E-01
 938.  8.15955E-01
 939.  8.31302E-01
 940.  8.39245E-01
 941.  8.18465E-01
 942.  8.22379E-01
 943.  8.03351E-01
 944.  7.92752E-01
 945.  8.05646E-01
 946.  8.00037E-01
 947.  8.12719E-01
 948.  8.03243E-01
 949.  8.09205E-01
 950.  7.70020E-01
 951.  8.07527E-01
 952.  7.84664E-01
 953.  7.90779E-01
 954.  8.04712E-01
 955.  7.92455E-01
 956.  7.92332E-01
 957.  7.92039E-01
 958.  8.04849E-01
 959.  7.85170E-01
 960.  7.90047E-01
 961.  7.98234E-01
 962.  7.88802E-01
 963.  7.88095E-01
 964.  7.85175E-01
 965.  7.85608E-01
 966.  7.83547E-01
 967.  7.81151E-01
 968.  7.91196E-01
 969.  7.91597E-01
 970.  7.90336E-01
 971.  7.91672E-01
 972.  7.91265E-01
 973.  7.88135E-01
 974.  7.80441E-01
 975.  7.83859E-01
 976.  7.78459E-01
 977.  7.84257E-01
 978.  7.86516E-01
 979.  7.85425E-01
 980.  7.86547E-01
 981.  7.92440E-01
 982.  7.93119E-01
 983.  7.90328E-01
 984.  7.93294E-01
 985.  7.91523E-01
 986.  7.93602E-01
 987.  7.92933E-01
 988.  7.93776E-01
 989.  7.92978E-01
 990.  7.91867E-01
 991.  7.90916E-01
 992.  7.88250E-01
 993.  7.84334E-01
 994.  7.81952E-01
 995.  7.78722E-01
 996.  7.76342E-01
 997.  7.74716E-01
 998.  7.73007E-01
 999.  7.71541E-01
1000.  7.70515E-01
